1.726368299084081407e-15 2.780009235646148399e-16 -3.022442590700716634e-17 -2.249488782418397706e-17 1.375531753306928742e-17 -4.599912585378896235e-18 -1.360457795614400825e-18 4.912699402643946562e-18 3.715314719472962584e-18 -2.321097501348019599e-18 1.080793792125235151e-18 3.159643532615101365e-18 1.736612798844324762e-18 9.009286490977050502e-19 1.150361926595854058e-18 2.347928065878565124e-19 3.736714703626439253e-18
2.780009235646148892e-16 8.881466727323755982e-16 8.448897075916312105e-17 -1.413392634648396555e-17 5.933399732019146023e-18 -8.581328322649617759e-18 4.241174190412886995e-18 -2.841114038233080108e-19 -5.418844080303642468e-20 -1.873082568598756665e-18 -1.552955750029159130e-19 1.879416048659243738e-18 -5.570013202507987853e-19 1.418230249611169916e-18 6.707447763505699700e-19 7.268994042680523709e-19 3.008653757586764090e-18
-3.022442590700715401e-17 8.448897075916313337e-17 3.376871619101944267e-16 2.307993843293148692e-17 -1.357929738053191576e-18 1.577010750785276284e-18 -1.806443938259975326e-18 -3.579338979737157128e-18 -3.695252635107234039e-19 2.068565423732325449e-18 1.529384432733713691e-18 8.790815392393151773e-19 1.380185469314241139e-18 1.195954874940884310e-19 1.169883012263072005e-19 9.186681872812808023e-19 -3.532787576553470163e-19
-2.249488782418395241e-17 -1.413392634648399637e-17 2.307993843293148692e-17 2.135558024567702544e-16 2.465652171772082045e-17 -1.346377122575718554e-18 2.955730997359552049e-19 2.257267239391753613e-19 4.764002730138366969e-19 -3.488845558732119589e-19 -2.927289359582877065e-19 -3.086640174673789242e-19 6.953983284328703459e-19 -1.665941993224621970e-19 1.607691025814019660e-19 7.719852190820889263e-19 5.504601689708774724e-19
1.375531753306928742e-17 5.933399732019133697e-18 -1.357929738053208524e-18 2.465652171772082045e-17 1.104109344186529325e-16 2.473358281868229356e-18 3.835939650479008397e-18 2.610529140073561813e-18 2.272717374832466860e-18 1.275886490864286530e-18 6.768873941326888441e-19 9.994810858785268053e-19 4.597869782486414023e-20 2.352343767687069244e-19 -3.918853892866007848e-19 5.174201614439588735e-19 2.030923893471462373e-19
-4.599912585378895465e-18 -8.581328322649617759e-18 1.577010750785267810e-18 -1.346377122575720865e-18 2.473358281868226660e-18 5.422626276607542775e-17 -2.035807469866549360e-19 1.523469551423079168e-18 5.107546346421141605e-19 4.212490038022316875e-19 3.108523017644892908e-19 6.912570150536612770e-19 2.933141954806426178e-19 -5.939755178126617683e-20 2.541589533897034686e-19 -2.531979829887612954e-19 -2.434377060546644960e-19
-1.360457795614401018e-18 4.241174190412885454e-18 -1.806443938259976482e-18 2.955730997359534716e-19 3.835939650479007626e-18 -2.035807469866554174e-19 2.375243385748834127e-17 1.421391182758220818e-18 1.361165401133789361e-18 -7.265403478206440790e-20 5.425266351726028886e-19 1.378017040612474966e-19 2.374864011264776305e-19 1.969971491532859709e-19 4.900179118104931901e-19 1.126189897257352418e-19 5.338263596204673804e-20
4.912699402643945022e-18 -2.841114038233107071e-19 -3.579338979737159439e-18 2.257267239391737724e-19 2.610529140073559502e-18 1.523469551423078398e-18 1.421391182758221010e-18 1.211079638705228812e-17 8.326509260850894669e-19 2.513768382084674177e-19 3.766449904864037057e-19 7.268833469769748291e-20 1.429815598332412433e-19 8.844180780679609838e-20 -9.363469466408611557e-20 1.289369334140387213e-19 -3.163114449581110170e-20
3.715314719472961043e-18 -5.418844080303835061e-20 -3.695252635107256188e-19 4.764002730138353487e-19 2.272717374832465320e-18 5.107546346421134864e-19 1.361165401133789168e-18 8.326509260850894669e-19 6.437536617614717197e-18 2.407480825910925361e-19 2.285276708646300184e-19 2.415644664024623646e-19 1.469286063360988155e-19 1.396434257877075261e-19 7.930207450182550735e-20 7.155386495483798446e-20 1.639694524518888230e-19
-2.321097501348022680e-18 -1.873082568598758205e-18 2.068565423732323523e-18 -3.488845558732132107e-19 1.275886490864285760e-18 4.212490038022312060e-19 -7.265403478206445604e-20 2.513768382084674658e-19 2.407480825910926324e-19 3.275010971921121550e-18 1.236895598322078653e-19 1.124170050536408303e-19 9.988640888005634593e-20 1.307449443314939586e-19 -3.042437865771177372e-21 1.075200403617404986e-19 1.695903744544823668e-19
1.080793792125232455e-18 -1.552955750029183204e-19 1.529384432733712151e-18 -2.927289359582890065e-19 6.768873941326876885e-19 3.108523017644888093e-19 5.425266351726026960e-19 3.766449904864036576e-19 2.285276708646299221e-19 1.236895598322077930e-19 1.487284380643069006e-18 1.443986524746927059e-19 1.199477406745744340e-19 4.872213580802764709e-20 4.092501858771498964e-20 2.905551350899795204e-20 2.017101522759922761e-20
3.159643532615099825e-18 1.879416048659242582e-18 8.790815392393138291e-19 -3.086640174673798871e-19 9.994810858785260350e-19 6.912570150536608918e-19 1.378017040612473763e-19 7.268833469769743476e-20 2.415644664024623646e-19 1.124170050536408063e-19 1.443986524746927059e-19 9.325435219395142603e-19 7.978184173743353491e-20 7.283127887401316218e-20 4.511333208805236273e-20 1.741662606780273519e-21 3.518108507861282586e-20
1.736612798844324377e-18 -5.570013202507991705e-19 1.380185469314240946e-18 6.953983284328703459e-19 4.597869782486392356e-20 2.933141954806425215e-19 2.374864011264776305e-19 1.429815598332412674e-19 1.469286063360988155e-19 9.988640888005635796e-20 1.199477406745744340e-19 7.978184173743352287e-20 7.666875145959956465e-19 2.162710535534297239e-20 3.461819539488407852e-20 2.401882106473092308e-20 -2.813704018486897317e-20
9.009286490977050502e-19 1.418230249611170302e-18 1.195954874940885996e-19 -1.665941993224620285e-19 2.352343767687070207e-19 -5.939755178126615276e-20 1.969971491532859709e-19 8.844180780679608634e-20 1.396434257877075502e-19 1.307449443314939826e-19 4.872213580802764709e-20 7.283127887401316218e-20 2.162710535534297239e-20 5.146480011227200966e-19 5.482398007622749461e-20 1.629848010484334425e-20 3.803963022872705178e-20
1.150361926595854443e-18 6.707447763505704515e-19 1.169883012263075376e-19 1.607691025814022308e-19 -3.918853892866005922e-19 2.541589533897036131e-19 4.900179118104932864e-19 -9.363469466408610353e-20 7.930207450182551938e-20 -3.042437865771169849e-21 4.092501858771498964e-20 4.511333208805236273e-20 3.461819539488407852e-20 5.482398007622749461e-20 4.099717143108806146e-19 2.927673711448920268e-20 3.793795315695162618e-20
2.347928065878568494e-19 7.268994042680526598e-19 9.186681872812809949e-19 7.719852190820891189e-19 5.174201614439589698e-19 -2.531979829887611991e-19 1.126189897257352659e-19 1.289369334140387213e-19 7.155386495483798446e-20 1.075200403617405106e-19 2.905551350899795204e-20 1.741662606780274271e-21 2.401882106473092308e-20 1.629848010484334425e-20 2.927673711448920268e-20 4.328773796525812908e-19 7.013715239801719328e-20
3.736714703626439253e-18 3.008653757586764475e-18 -3.532787576553468719e-19 5.504601689708775687e-19 2.030923893471463095e-19 -2.434377060546644960e-19 5.338263596204675609e-20 -3.163114449581110170e-20 1.639694524518888230e-19 1.695903744544823668e-19 2.017101522759922761e-20 3.518108507861282586e-20 -2.813704018486897317e-20 3.803963022872705178e-20 3.793795315695162618e-20 7.013715239801719328e-20 1.081169151478975370e-18
