1.726366141263936600e-15 2.780028741205038639e-16 -3.022433621966140479e-17 -2.249528233350913186e-17 1.375380283923718258e-17 -4.601256501928792627e-18 -1.361576235190248518e-18 4.911769632323877792e-18 3.714401523961140097e-18 -2.322145286189651166e-18 1.079712223159387023e-18 3.158860694407174442e-18 1.736439843744739141e-18 9.010894583006604862e-19 1.150606472822728748e-18 2.349622727650858411e-19 3.736798476019274808e-18
2.780028741205038639e-16 8.881457337458479535e-16 8.448917776504256518e-17 -1.413347938600172863e-17 5.934530100055841095e-18 -8.580379680581461832e-18 4.241924794751486341e-18 -2.835036413839076417e-19 -5.358459585164785231e-20 -1.872386502005633971e-18 -1.545748558931281537e-19 1.879938530483443505e-18 -5.568895177813385145e-19 1.418118231338736024e-18 6.705772102136729912e-19 7.267835455179346527e-19 3.008596567408783050e-18
-3.022433621966141096e-17 8.448917776504257751e-17 3.376872566822489095e-16 2.307998292533043677e-17 -1.357959628606542525e-18 1.576961688086650095e-18 -1.806501024069903698e-18 -3.579391902865777617e-18 -3.695719985731126285e-19 2.068514481052724375e-18 1.529333619311594477e-18 8.790452930660607253e-19 1.380175274706047081e-18 1.196000788540993073e-19 1.169969712717797071e-19 9.186743531581180204e-19 -3.532756612103347146e-19
-2.249528233350911954e-17 -1.413347938600175328e-17 2.307998292533043677e-17 2.135557350740148665e-16 2.465620629367111961e-17 -1.346667196845121750e-18 2.953242389424557893e-19 2.255183897373009243e-19 4.761999246994226122e-19 -3.491121524947654823e-19 -2.929623771225787793e-19 -3.088325897786405606e-19 6.953595396973857896e-19 -1.665616046517362378e-19 1.608198694554895556e-19 7.720205109744404373e-19 5.504776483734958562e-19
1.375380283923718258e-17 5.934530100055831850e-18 -1.357959628606540985e-18 2.465620629367112270e-17 1.104099202338646617e-16 2.472469332227997795e-18 3.835207243667732760e-18 2.609925713234198833e-18 2.272127615512820776e-18 1.275211582428652544e-18 6.761918278762772982e-19 9.989778065859573526e-19 4.586696201585120954e-20 2.353370043517377542e-19 -3.917288828134178727e-19 5.175286563597560153e-19 2.031460317321152171e-19
-4.601256501928792627e-18 -8.580379680581451047e-18 1.576961688086649325e-18 -1.346667196845117898e-18 2.472469332227997410e-18 5.422548743905302634e-17 -2.042167417750882849e-19 1.522947089325524619e-18 5.102442068050791716e-19 4.206650143391197122e-19 3.102505046267391128e-19 6.908215671302977414e-19 2.932175567611013410e-19 -5.930871445822176851e-20 2.542944032369426454e-19 -2.531040887638104667e-19 -2.433912840962536346e-19
-1.361576235190249096e-18 4.241924794751487112e-18 -1.806501024069903312e-18 2.953242389424560782e-19 3.835207243667732760e-18 -2.042167417750882367e-19 2.375191431033152612e-17 1.420965613312619332e-18 1.360749800676393147e-18 -7.312945568239580258e-20 5.420367412862878487e-19 1.374472098038580953e-19 2.374077581655363573e-19 1.970695050743908967e-19 4.901282108955970428e-19 1.126954461863806559e-19 5.342043528365739875e-20
4.911769632323877021e-18 -2.835036413839077380e-19 -3.579391902865778387e-18 2.255183897373006354e-19 2.609925713234197678e-18 1.522947089325524812e-18 1.420965613312619525e-18 1.211044832214557746e-17 8.323106541117991037e-19 2.509873186866265164e-19 3.762434211184916179e-19 7.239770281467278749e-20 1.429172595035533889e-19 8.850135889049796806e-20 -9.354405203502886256e-20 1.289997513486198036e-19 -3.160009194722596724e-20
3.714401523961139327e-18 -5.358459585164814120e-20 -3.695719985731130137e-19 4.761999246994224196e-19 2.272127615512820006e-18 5.102442068050793641e-19 1.360749800676392954e-18 8.323106541117991037e-19 6.437203175253291708e-18 2.403659123690106663e-19 2.281333593713186105e-19 2.412790236515486634e-19 1.468657342230476044e-19 1.397022850484733847e-19 7.939144528729799015e-20 7.161578188893288547e-20 1.640000540049146185e-19
-2.322145286189651166e-18 -1.872386502005633586e-18 2.068514481052724375e-18 -3.491121524947654823e-19 1.275211582428652544e-18 4.206650143391195677e-19 -7.312945568239575443e-20 2.509873186866265164e-19 2.403659123690106181e-19 3.274572810736436131e-18 1.232373662291805787e-19 1.120896357889990736e-19 9.981445140331278439e-20 1.308126456696252339e-19 -2.939756596252924529e-21 1.075911691011073413e-19 1.696255260628853970e-19
1.079712223159386638e-18 -1.545748558931284426e-19 1.529333619311594477e-18 -2.929623771225788756e-19 6.761918278762770093e-19 3.102505046267391128e-19 5.420367412862878487e-19 3.762434211184915698e-19 2.281333593713186105e-19 1.232373662291805787e-19 1.486817644075411384e-18 1.440607400905144782e-19 1.198735530352367349e-19 4.879213230793167043e-20 4.103111383944564263e-20 2.912900137519245106e-20 2.020733097935018828e-20
3.158860694407174442e-18 1.879938530483443505e-18 8.790452930660609179e-19 -3.088325897786405125e-19 9.989778065859573526e-19 6.908215671302977414e-19 1.374472098038581194e-19 7.239770281467277545e-20 2.412790236515486634e-19 1.120896357889990736e-19 1.440607400905144782e-19 9.322988777853291997e-19 7.972815064342702250e-20 7.288198114917950110e-20 4.519016760109658701e-20 1.794882242466257595e-21 3.520738441222120448e-20
1.736439843744739141e-18 -5.568895177813385145e-19 1.380175274706047081e-18 6.953595396973857896e-19 4.586696201585117343e-20 2.932175567611013410e-19 2.374077581655364054e-19 1.429172595035533889e-19 1.468657342230476044e-19 9.981445140331279642e-20 1.198735530352367590e-19 7.972815064342702250e-20 7.666756589198245482e-19 2.163813631653549649e-20 3.463496807581233632e-20 2.403044363779766417e-20 -2.813129523343015947e-20
9.010894583006602936e-19 1.418118231338736024e-18 1.196000788540992110e-19 -1.665616046517362378e-19 2.353370043517377061e-19 -5.930871445822181666e-20 1.970695050743908967e-19 8.850135889049795602e-20 1.397022850484733847e-19 1.308126456696252580e-19 4.879213230793167645e-20 7.288198114917951314e-20 2.163813631653549649e-20 5.146373645325284710e-19 5.480793589768600469e-20 1.628737396458471795e-20 3.803414391339417790e-20
1.150606472822728748e-18 6.705772102136729912e-19 1.169969712717796590e-19 1.608198694554895075e-19 -3.917288828134178727e-19 2.542944032369426454e-19 4.901282108955970428e-19 -9.354405203502885052e-20 7.939144528729800219e-20 -2.939756596252919263e-21 4.103111383944564263e-20 4.519016760109658701e-20 3.463496807581233632e-20 5.480793589768600469e-20 4.099474704005231333e-19 2.925995103528276802e-20 3.792965988049843918e-20
2.349622727650858411e-19 7.267835455179346527e-19 9.186743531581180204e-19 7.720205109744404373e-19 5.175286563597560153e-19 -2.531040887638104186e-19 1.126954461863806559e-19 1.289997513486198036e-19 7.161578188893288547e-20 1.075911691011073413e-19 2.912900137519245106e-20 1.794882242466257595e-21 2.403044363779766417e-20 1.628737396458471795e-20 2.925995103528276802e-20 4.328657569030346615e-19 7.013140999744890199e-20
3.736798476019274808e-18 3.008596567408783050e-18 -3.532756612103347146e-19 5.504776483734958562e-19 2.031460317321152171e-19 -2.433912840962536346e-19 5.342043528365739875e-20 -3.160009194722596724e-20 1.640000540049146185e-19 1.696255260628853970e-19 2.020733097935018828e-20 3.520738441222120448e-20 -2.813129523343015947e-20 3.803414391339417790e-20 3.792965988049843918e-20 7.013140999744890199e-20 1.081166314327259403e-18
