1.694433598064508812e-15 2.485239348081294787e-16 -5.489710026232184625e-17 -4.239636620443943423e-17 -2.083632787657859607e-18 -1.087029334464831456e-17 -1.762072223290092766e-18 4.740747284391737175e-18 2.806735393629019346e-18 -3.193513252936500897e-18 5.498394288276679042e-19 2.825991632239118328e-18 1.543328196796441418e-18 7.935197766872592206e-19 1.104073962572921469e-18 2.224894308836768565e-19 3.719649935057757910e-18
2.485239348081294787e-16 8.609203475089249075e-16 6.168655116124316637e-17 -3.253850930786240694e-17 -8.720618974938814647e-18 -1.438958730395749710e-17 3.859460571230871996e-18 -4.536696438046378819e-19 -9.023579642659882429e-19 -2.685104721350428190e-18 -6.496440032823804001e-19 1.568814878266743249e-18 -7.374422519505591237e-19 1.317567641706782286e-18 6.270201861518985170e-19 7.150463347668943054e-19 2.992619258787539944e-18
-5.489710026232184625e-17 6.168655116124316637e-17 3.185561852496540056e-16 7.611436803402693526e-18 -1.369555886902754987e-17 -3.301896045367010633e-18 -2.114728869239335116e-18 -3.725816626134854620e-18 -1.092826330200644565e-18 1.377181538140914643e-18 1.106742706345904852e-18 6.132013993497107653e-19 1.225826201245750167e-18 3.367397560831969240e-20 7.974637695155225114e-20 9.086082582141909191e-19 -3.668860116174979251e-19
-4.239636620443943423e-17 -3.253850930786240694e-17 7.611436803402693526e-18 2.010230732870723599e-16 1.463759756177279500e-17 -5.292240615944083893e-18 6.391221827882444907e-20 1.043953392536753675e-19 -1.206851506467898772e-19 -9.183752614276536299e-19 -6.425769926752033889e-19 -5.290905262405264943e-19 5.673706080419362308e-19 -2.378100618369285096e-19 1.298862196455846903e-19 7.636138025686837070e-19 5.392283387510541845e-19
-2.083632787657859607e-18 -8.720618974938814647e-18 -1.369555886902754987e-17 1.463759756177279500e-17 1.023759852452104676e-16 -6.683287442220391095e-19 3.676533252362435022e-18 2.513032426949948251e-18 1.783612408654745065e-18 8.105020028382102447e-19 3.889754282424247890e-19 8.176730807533338929e-19 -5.960573080327272206e-20 1.765986405970336457e-19 -4.172861530614434847e-19 5.105283765568590915e-19 1.938985788435768416e-19
-1.087029334464831456e-17 -1.438958730395749710e-17 -3.301896045367010633e-18 -5.292240615944083893e-18 -6.683287442220391095e-19 5.275658098368000879e-17 -6.079042589754175813e-19 1.262375456249007812e-18 1.989500193859901814e-19 1.626432269402945621e-19 1.464603873808191387e-19 5.874625951487580130e-19 2.324258540186182055e-19 -9.306494307958663853e-20 2.386432357033740027e-19 -2.584593023262222875e-19 -2.479918386563413942e-19
-1.762072223290092766e-18 3.859460571230871996e-18 -2.114728869239335116e-18 6.391221827882444907e-20 3.676533252362435022e-18 -6.079042589754175813e-19 2.326072367831355961e-17 1.092979723367045445e-18 1.170040107527815626e-18 -1.979713035997313353e-19 4.577954950297021945e-19 8.409716339825766729e-20 2.053315902483061317e-19 1.793489542825768600e-19 4.809862124758535492e-19 1.086106211364576921e-19 5.169749011739153705e-20
4.740747284391737175e-18 -4.536696438046378819e-19 -3.725816626134854620e-18 1.043953392536753675e-19 2.513032426949948251e-18 1.262375456249007812e-18 1.092979723367045445e-18 1.187258836833786203e-17 6.836113560574052909e-19 1.522881504150913264e-19 3.083268943164420297e-19 2.887474914941319383e-20 1.166681147461052570e-19 7.399681259693804090e-20 -1.009331844393148441e-19 1.257986460931095917e-19 -3.305337143136079985e-20
2.806735393629019346e-18 -9.023579642659882429e-19 -1.092826330200644565e-18 -1.206851506467898772e-19 1.783612408654745065e-18 1.989500193859901814e-19 1.170040107527815626e-18 6.836113560574052909e-19 6.314608869510805754e-18 1.504539343812325280e-19 1.673863261354259693e-19 2.021337183246848996e-19 1.233848568176768466e-19 1.267258404386614655e-19 7.307869949293414994e-20 6.916780647172817543e-20 1.625032237217266856e-19
-3.193513252936500897e-18 -2.685104721350428190e-18 1.377181538140914643e-18 -9.183752614276536299e-19 8.105020028382102447e-19 1.626432269402945621e-19 -1.979713035997313353e-19 1.522881504150913264e-19 1.504539343812325280e-19 3.206170721973630907e-18 7.708628899890486296e-20 8.225452529142252190e-20 8.191178540169617437e-20 1.209272119360761491e-19 -7.694583085520526974e-21 1.057985271840505651e-19 1.684396759944157516e-19
5.498394288276679042e-19 -6.496440032823804001e-19 1.106742706345904852e-18 -6.425769926752033889e-19 3.889754282424247890e-19 1.464603873808191387e-19 4.577954950297021945e-19 3.083268943164420297e-19 1.673863261354259693e-19 7.708628899890486296e-20 1.455142065242370397e-18 1.234353880034137956e-19 1.074139585410823664e-19 4.190418206295617958e-20 3.769969322149150221e-20 2.785064670844778087e-20 1.939190248656927808e-20
2.825991632239118328e-18 1.568814878266743249e-18 6.132013993497107653e-19 -5.290905262405264943e-19 8.176730807533338929e-19 5.874625951487580130e-19 8.409716339825766729e-20 2.887474914941319383e-20 2.021337183246848996e-19 8.225452529142252190e-20 1.234353880034137956e-19 9.185943417188240370e-19 7.134049473324553122e-20 6.821648181890389438e-20 4.291464453446751723e-20 8.952191358442810186e-22 3.465211600509956166e-20
1.543328196796441418e-18 -7.374422519505591237e-19 1.225826201245750167e-18 5.673706080419362308e-19 -5.960573080327272206e-20 2.324258540186182055e-19 2.053315902483061317e-19 1.166681147461052570e-19 1.233848568176768466e-19 8.191178540169617437e-20 1.074139585410823664e-19 7.134049473324553122e-20 7.613913611357239667e-19 1.862835103213957180e-20 3.311891236943669697e-20 2.338443269945249054e-20 -2.850111293147986404e-20
7.935197766872592206e-19 1.317567641706782286e-18 3.367397560831969240e-20 -2.378100618369285096e-19 1.765986405970336457e-19 -9.306494307958663853e-20 1.793489542825768600e-19 7.399681259693804090e-20 1.267258404386614655e-19 1.209272119360761491e-19 4.190418206295617958e-20 6.821648181890389438e-20 1.862835103213957180e-20 5.128186567410347812e-19 5.380627264365586473e-20 1.580253746735458841e-20 3.778426243581468706e-20
1.104073962572921469e-18 6.270201861518985170e-19 7.974637695155225114e-20 1.298862196455846903e-19 -4.172861530614434847e-19 2.386432357033740027e-19 4.809862124758535492e-19 -1.009331844393148441e-19 7.307869949293414994e-20 -7.694583085520526974e-21 3.769969322149150221e-20 4.291464453446751723e-20 3.311891236943669697e-20 5.380627264365586473e-20 4.092742565834806358e-19 2.885325528900829232e-20 3.774604856153807936e-20
2.224894308836768565e-19 7.150463347668943054e-19 9.086082582141909191e-19 7.636138025686837070e-19 5.105283765568590915e-19 -2.584593023262222875e-19 1.086106211364576921e-19 1.257986460931095917e-19 6.916780647172817543e-20 1.057985271840505651e-19 2.785064670844778087e-20 8.952191358442810186e-22 2.338443269945249054e-20 1.580253746735458841e-20 2.885325528900829232e-20 4.325434540087666460e-19 6.998847062789003814e-20
3.719649935057757910e-18 2.992619258787539944e-18 -3.668860116174979251e-19 5.392283387510541845e-19 1.938985788435768416e-19 -2.479918386563413942e-19 5.169749011739153705e-20 -3.305337143136079985e-20 1.625032237217266856e-19 1.684396759944157516e-19 1.939190248656927808e-20 3.465211600509956166e-20 -2.850111293147986404e-20 3.778426243581468706e-20 3.774604856153807936e-20 6.998847062789003814e-20 1.081072323345520599e-18
