2.112764783205668784e-15 3.538809753269180753e-16 -1.673213069546799980e-17 -8.955066022786029095e-18 2.091634828354296361e-17 -1.687825080472813081e-17 -5.069601012973130997e-18 3.934140715344603444e-18 -1.433573671536591522e-18 -4.755298804736619860e-18 -5.773831938629756819e-19 1.352280061649076510e-18 -2.129576794722343183e-18 -1.012184317337744918e-18 4.309360429303429280e-18 1.783188320510743036e-17 2.769631489549020034e-17
3.538809753269181246e-16 1.074977545068820043e-15 8.844767070078405560e-17 -3.777390249345744810e-18 2.362965533749140802e-18 -1.143693423926614089e-17 4.464136028598427396e-18 -5.817639451601061306e-18 3.453838312856487268e-18 1.348765725410798695e-18 3.480420198394967640e-18 3.829952993176513661e-18 -2.335161083899356537e-18 3.166331884403906366e-18 1.135440485987253824e-18 1.353984362324104959e-17 7.397726222469246120e-18
-1.673213069546798748e-17 8.844767070078408025e-17 4.064308269611070555e-16 4.639146792591340571e-17 5.431245839324469469e-18 7.575254960464325662e-18 6.581564331464320439e-18 -6.080753874851064770e-18 3.676178710560868717e-18 2.452575917612633665e-18 1.703445751191627293e-18 2.424564512504782505e-18 -8.281087954901782383e-19 -1.615230430878848094e-18 -3.162891558475165136e-19 2.094385798382826325e-18 6.190883938418891192e-19
-8.955066022786004443e-18 -3.777390249345775625e-18 4.639146792591340571e-17 2.855190377060285073e-16 2.634682063011324697e-17 4.570299888942104348e-19 3.994301612735630907e-18 3.684933025141784663e-19 1.007876834530535354e-18 -1.139725285148210690e-19 2.149442144955668279e-18 8.872527429769502250e-20 4.101926785721429706e-19 -7.478544437471318654e-20 2.586586066179018593e-18 1.692482108565374867e-18 2.381454149834443947e-18
2.091634828354296361e-17 2.362965533749128476e-18 5.431245839324452521e-18 2.634682063011324697e-17 1.472857873384814123e-16 1.069959816310936036e-17 7.471090227559256114e-18 4.963052846396760895e-18 1.061195977971317308e-18 1.685418185447741938e-18 3.129763075106564378e-18 3.063149133292810512e-19 1.794390934199625004e-19 2.454906007118714791e-18 -3.433291145291781974e-19 2.839459687248276456e-18 -1.811753552886559389e-19
-1.687825080472813081e-17 -1.143693423926614089e-17 7.575254960464317958e-18 4.570299888942081237e-19 1.069959816310935727e-17 7.933325829741018972e-17 1.364499576214250793e-18 6.069757256366468352e-18 1.011170862929075594e-18 6.650172801801465075e-19 5.171906982600743521e-19 7.134518692479668751e-19 1.375609938203239342e-18 -1.445176380986789583e-19 1.578394332800955408e-18 -1.261631706345459400e-18 -4.742790503059091581e-18
-5.069601012973130997e-18 4.464136028598426626e-18 6.581564331464319669e-18 3.994301612735629366e-18 7.471090227559254574e-18 1.364499576214250408e-18 3.802388049717620559e-17 2.240785273043869582e-18 -3.911955243550252969e-19 -6.186587753666496343e-19 1.276813859597682246e-18 2.926776231874319138e-19 1.376008587808994374e-18 2.631293463278414802e-19 1.778184631842197288e-18 8.998372268712354870e-19 2.873585869125067056e-18
3.934140715344601904e-18 -5.817639451601063617e-18 -6.080753874851067082e-18 3.684933025141768774e-19 4.963052846396758584e-18 6.069757256366467582e-18 2.240785273043869967e-18 2.286618401938624847e-17 1.629728990747687699e-18 4.543419987187004450e-19 1.058189368623446580e-19 -9.849717457609053460e-20 5.433811571597638889e-19 4.152241958073873534e-19 3.742524758279340056e-19 -1.050678456488320671e-18 -5.272421587452852501e-19
-1.433573671536593448e-18 3.453838312856485342e-18 3.676178710560866406e-18 1.007876834530534006e-18 1.061195977971315960e-18 1.011170862929075017e-18 -3.911955243550253932e-19 1.629728990747687699e-18 1.136266922311468705e-17 1.223957227010178943e-18 4.174605243063560365e-19 -4.146407422794942713e-20 1.244846597572747440e-20 6.384959274412682737e-19 2.703592470005476823e-19 1.845817888203001383e-19 -5.095644065242235957e-19
-4.755298804736622942e-18 1.348765725410797155e-18 2.452575917612631739e-18 -1.139725285148223208e-19 1.685418185447741168e-18 6.650172801801459298e-19 -6.186587753666497306e-19 4.543419987187005413e-19 1.223957227010179135e-18 8.261383362477414023e-18 4.099610184849980934e-19 -6.025188762177660352e-20 2.580936050235113809e-19 7.295048650374220655e-19 1.227672705400342495e-19 -2.494541875246235215e-19 5.231064373495899461e-19
-5.773831938629783782e-19 3.480420198394965329e-18 1.703445751191625752e-18 2.149442144955666738e-18 3.129763075106563223e-18 5.171906982600737743e-19 1.276813859597681861e-18 1.058189368623446099e-19 4.174605243063559402e-19 4.099610184849979971e-19 4.396656927740925864e-18 5.531876488490543007e-19 5.400639571054162124e-19 -2.686794359151747824e-20 4.440761753607110097e-19 3.920949440556694555e-19 6.055876304129662695e-19
1.352280061649074777e-18 3.829952993176512121e-18 2.424564512504780964e-18 8.872527429769405953e-20 3.063149133292802808e-19 7.134518692479664900e-19 2.926776231874317693e-19 -9.849717457609057071e-20 -4.146407422794943315e-20 -6.025188762177661556e-20 5.531876488490543007e-19 4.098311665581753548e-18 6.209442580739683230e-19 -4.573637002528538921e-22 1.539660008480915045e-19 5.303806150094969769e-19 1.650667327694755142e-18
-2.129576794722343568e-18 -2.335161083899356922e-18 -8.281087954901784309e-19 4.101926785721429706e-19 1.794390934199622837e-19 1.375609938203239342e-18 1.376008587808994374e-18 5.433811571597638889e-19 1.244846597572746838e-20 2.580936050235113809e-19 5.400639571054162124e-19 6.209442580739683230e-19 3.623640409163313095e-18 -8.370906054152645324e-20 1.371993620765406186e-20 6.203193359593503197e-19 1.651891178038370155e-18
-1.012184317337744918e-18 3.166331884403906366e-18 -1.615230430878847902e-18 -7.478544437471301802e-20 2.454906007118714791e-18 -1.445176380986789343e-19 2.631293463278414802e-19 4.152241958073873052e-19 6.384959274412682737e-19 7.295048650374220655e-19 -2.686794359151748124e-20 -4.573637002528523874e-22 -8.370906054152645324e-20 4.711444757292137316e-18 8.170935096653522879e-19 -2.631078432828055969e-19 9.997486918181608287e-19
4.309360429303430051e-18 1.135440485987254402e-18 -3.162891558475161766e-19 2.586586066179018979e-18 -3.433291145291780048e-19 1.578394332800955408e-18 1.778184631842197288e-18 3.742524758279340056e-19 2.703592470005476823e-19 1.227672705400342495e-19 4.440761753607110097e-19 1.539660008480915045e-19 1.371993620765406186e-20 8.170935096653522879e-19 7.792958525745210093e-18 2.397331958605875349e-18 2.496018376668998306e-18
1.783188320510743036e-17 1.353984362324104959e-17 2.094385798382826711e-18 1.692482108565375059e-18 2.839459687248276456e-18 -1.261631706345459208e-18 8.998372268712356796e-19 -1.050678456488320671e-18 1.845817888203001383e-19 -2.494541875246235215e-19 3.920949440556694555e-19 5.303806150094969769e-19 6.203193359593503197e-19 -2.631078432828055969e-19 2.397331958605875349e-18 1.969900387730736725e-17 5.359502173479284177e-18
2.769631489549020034e-17 7.397726222469246120e-18 6.190883938418892155e-19 2.381454149834443947e-18 -1.811753552886558907e-19 -4.742790503059090810e-18 2.873585869125067056e-18 -5.272421587452852501e-19 -5.095644065242235957e-19 5.231064373495899461e-19 6.055876304129662695e-19 1.650667327694755142e-18 1.651891178038370155e-18 9.997486918181608287e-19 2.496018376668998306e-18 5.359502173479284177e-18 3.682256316131115704e-17
