2.080830082186096386e-15 3.244039865704327141e-16 -4.140480505078268279e-17 -2.885654440304148627e-17 5.077397962815816200e-18 -2.314863156399754836e-17 -5.471215440648822552e-18 3.762188597092394056e-18 -2.342152997380534953e-18 -5.627714556325101158e-18 -1.108337557160542929e-18 1.018628161273093280e-18 -2.322861396770226335e-18 -1.119593189748190747e-18 4.263072465280497077e-18 1.781957982940324950e-17 2.767925012692151977e-17
3.244039865704327141e-16 1.047751219845369352e-15 6.564525110286410092e-17 -2.218197321072418619e-17 -1.229105317320881987e-17 -1.724519322057402023e-17 4.082422409416412397e-18 -5.987197691582390888e-18 2.605668789393535546e-18 5.367435726591272659e-19 2.986071770115503345e-18 3.519351822784013366e-18 -2.515602015599117068e-18 3.065669276499518543e-18 1.091715895788582467e-18 1.352799055373989191e-17 7.381691723670021973e-18
-4.140480505078268279e-17 6.564525110286410092e-17 3.872998503005666344e-16 3.092296629638460923e-17 -6.906383291649888829e-18 2.696348164312039130e-18 6.273279400484960649e-18 -6.227231521248762263e-18 2.952877643870947460e-18 1.761192032021222667e-18 1.280804024803818453e-18 2.158684372615177997e-18 -9.824680635586691133e-19 -1.701151942764616857e-18 -3.535310801222714510e-19 2.084325869315736442e-18 6.054811398797381623e-19
-2.885654440304148627e-17 -2.218197321072418619e-17 3.092296629638460923e-17 2.729863085363306129e-16 1.632789647416522152e-17 -3.488833504474154904e-18 3.762640731278500367e-18 2.471619178286784846e-19 4.107914108699087798e-19 -6.834632340692627400e-19 1.799594088238752500e-18 -1.317012344754525476e-19 2.821649581812088073e-19 -1.460013068891794991e-19 2.555703183243201486e-18 1.684110692051969551e-18 2.370222319614620466e-18
5.077397962815816200e-18 -1.229105317320881987e-17 -6.906383291649888829e-18 1.632789647416522152e-17 1.392508381650389475e-16 7.557911137019091505e-18 7.311683829442681969e-18 4.865556133273146948e-18 5.720910117935956082e-19 1.220033697421665653e-18 2.841851109216300420e-18 1.245069082040882110e-19 7.385466479182563810e-20 2.396270270947041536e-18 -3.687298783040208973e-19 2.832567902361176674e-18 -1.903691657922253586e-19
-2.314863156399754836e-17 -1.724519322057402023e-17 2.696348164312039130e-18 -3.488833504474154904e-18 7.557911137019091505e-18 7.786357651501477076e-17 9.601760642254881477e-19 5.808663161192396996e-18 6.993662476729516393e-19 4.064115033182093341e-19 3.527987838764041278e-19 6.096574493430636111e-19 1.314721596741214977e-18 -1.781850293969994200e-19 1.562878615114625893e-18 -1.266893025682920344e-18 -4.747344635660768094e-18
-5.471215440648822552e-18 4.082422409416412397e-18 6.273279400484960649e-18 3.762640731278500367e-18 7.311683829442681969e-18 9.601760642254881477e-19 3.753217031800142394e-17 1.912373813652694210e-18 -5.823208179609990315e-19 -7.439760441843165618e-19 1.192082719454781456e-18 2.389730825244420844e-19 1.343853776930822947e-18 2.454811514571323934e-19 1.769152932507557743e-18 8.958288582819580336e-19 2.871900723280411897e-18
3.762188597092394056e-18 -5.987197691582390888e-18 -6.227231521248762263e-18 2.471619178286784846e-19 4.865556133273146948e-18 5.808663161192396996e-18 1.912373813652694210e-18 2.262797600067182238e-17 1.480689420720003523e-18 3.552533109253243537e-19 3.750084069238299400e-20 -1.423107601243748116e-19 5.170677120726278786e-19 4.007792005975292718e-19 3.669539860527052650e-19 -1.053816743809249800e-18 -5.286643856808349844e-19
-2.342152997380534953e-18 2.605668789393535546e-18 2.952877643870947460e-18 4.107914108699087798e-19 5.720910117935956082e-19 6.993662476729516393e-19 -5.823208179609990315e-19 1.480689420720003523e-18 1.123974147501077484e-17 1.133663078800318983e-18 3.563191795771520116e-19 -8.089482230572688618e-20 -1.109528354269448849e-20 6.255783420922221891e-19 2.641358719916563249e-19 1.821957303371903413e-19 -5.110306352543857571e-19
-5.627714556325101158e-18 5.367435726591272659e-19 1.761192032021222667e-18 -6.834632340692627400e-19 1.220033697421665653e-18 4.064115033182093341e-19 -7.439760441843165618e-19 3.552533109253243537e-19 1.133663078800318983e-18 8.192543112529922609e-18 3.633577476516950791e-19 -9.041436738399489991e-20 2.401189815451511853e-19 7.196871326420042561e-19 1.181151253202848976e-19 -2.511757007023134550e-19 5.219557388895232827e-19
-1.108337557160542929e-18 2.986071770115503345e-18 1.280804024803818453e-18 1.799594088238752500e-18 2.841851109216300420e-18 3.527987838764041278e-19 1.192082719454781456e-18 3.750084069238299400e-20 3.563191795771520116e-19 3.633577476516950791e-19 4.364514612340227062e-18 5.322243843777754386e-19 5.275301749719241086e-19 -3.368589733658894574e-20 4.408508499944875042e-19 3.908900772551192964e-19 6.048085176719362749e-19
1.018628161273093280e-18 3.519351822784013366e-18 2.158684372615177997e-18 -1.317012344754525476e-19 1.245069082040882110e-19 6.096574493430636111e-19 2.389730825244420844e-19 -1.423107601243748116e-19 -8.089482230572688618e-20 -9.041436738399489991e-20 5.322243843777754386e-19 4.084362485361062940e-18 6.125029110697803674e-19 -5.072160755362115672e-21 1.517673132945066529e-19 5.295341715385609400e-19 1.650138358621241878e-18
-2.322861396770226335e-18 -2.515602015599117068e-18 -9.824680635586691133e-19 2.821649581812088073e-19 7.385466479182563810e-20 1.314721596741214977e-18 1.343853776930822947e-18 5.170677120726278786e-19 -1.109528354269448849e-20 2.401189815451511853e-19 5.275301749719241086e-19 6.125029110697803674e-19 3.618344255703041223e-18 -8.670781486472985382e-20 1.222065318220668031e-20 6.196849475940719353e-19 1.651527105291759240e-18
-1.119593189748190747e-18 3.065669276499518543e-18 -1.701151942764616857e-18 -1.460013068891794991e-19 2.396270270947041536e-18 -1.781850293969994200e-19 2.454811514571323934e-19 4.007792005975292718e-19 6.255783420922221891e-19 7.196871326420042561e-19 -3.368589733658894574e-20 -5.072160755362115672e-21 -8.670781486472985382e-20 4.709615412910451808e-18 8.160758022327807001e-19 -2.636037859202943347e-19 9.994933240252484339e-19
4.263072465280497077e-18 1.091715895788582467e-18 -3.535310801222714510e-19 2.555703183243201486e-18 -3.687298783040208973e-19 1.562878615114625893e-18 1.769152932507557743e-18 3.669539860527052650e-19 2.641358719916563249e-19 1.181151253202848976e-19 4.408508499944875042e-19 1.517673132945066529e-19 1.222065318220668031e-20 8.160758022327807001e-19 7.792261068017810836e-18 2.396908476780394270e-18 2.495826472073584789e-18
1.781957982940324950e-17 1.352799055373989191e-17 2.084325869315736442e-18 1.684110692051969551e-18 2.832567902361176674e-18 -1.266893025682920344e-18 8.958288582819580336e-19 -1.053816743809249800e-18 1.821957303371903413e-19 -2.511757007023134550e-19 3.908900772551192964e-19 5.295341715385609400e-19 6.196849475940719353e-19 -2.636037859202943347e-19 2.396908476780394270e-18 1.969866995166355318e-17 5.359353491709157143e-18
2.767925012692151977e-17 7.381691723670021973e-18 6.054811398797381623e-19 2.370222319614620466e-18 -1.903691657922253586e-19 -4.747344635660768094e-18 2.871900723280411897e-18 -5.286643856808349844e-19 -5.110306352543857571e-19 5.219557388895232827e-19 6.048085176719362749e-19 1.650138358621241878e-18 1.651527105291759240e-18 9.994933240252484339e-19 2.495826472073584789e-18 5.359353491709157143e-18 3.682246633317770285e-17
