1.776084190202251999e-15 2.736828737305033197e-16 -3.901341853888122856e-17 -1.623489783260769488e-17 1.272050886162144014e-17 -1.388291064331239202e-17 -3.191273962466760893e-18 4.100287002321277761e-18 3.301525846398143047e-18 -2.626357916418203996e-18 1.343864734661871486e-18 2.493719101060031134e-18 2.123928484553316802e-18 1.218680706794667804e-18 1.223395869296240667e-18 2.887137426281227012e-19 3.628084608911091676e-18
2.736828737305033690e-16 8.883354835478334679e-16 8.530018707486873649e-17 -1.278728280035951362e-17 2.731452924915124626e-18 -8.477876160835247374e-18 6.258553927289869998e-18 -2.507835659684734883e-18 1.914490179154591542e-19 2.276857205685527439e-20 7.805975856075761846e-19 1.288551790750224648e-18 -8.810761649235510879e-19 1.496993794932950338e-18 4.754069293905637934e-19 6.618077575593179666e-19 2.830832989033121709e-18
-3.901341853888121623e-17 8.530018707486874881e-17 3.404703064991309835e-16 2.247035407453709224e-17 -1.946113074677210022e-18 2.175085147117492944e-18 -1.516266232889088201e-18 -3.434998732793030104e-18 4.752674949043344572e-19 2.857202012023494637e-18 2.087556112412629185e-18 1.091959913970529701e-18 1.488521348557498377e-18 -8.845877562394337543e-20 -2.186800703529151157e-20 9.434959324182828354e-19 -1.634647082781761633e-19
-1.623489783260767023e-17 -1.278728280035954444e-17 2.247035407453709224e-17 2.186511051290730381e-16 2.420221027161397429e-17 -1.229586576954651295e-18 5.261148203949691734e-19 -6.652977805969013734e-19 1.307697028687013007e-18 -7.395735228212956399e-19 -5.748984674588029720e-19 -6.082429184689756393e-20 7.052237659463621996e-19 -3.345524143381642001e-19 2.001451838425385468e-20 8.011234384948353913e-19 6.757114128195551965e-19
1.272050886162144014e-17 2.731452924915112300e-18 -1.946113074677226970e-18 2.420221027161397429e-17 1.113478599234499886e-16 3.216028838774336296e-18 3.909048626382010455e-18 2.896587456720530019e-18 2.291262848925857260e-18 1.323412400885180954e-18 8.113365174367420220e-19 1.076465679023225720e-18 1.554063594227271520e-19 4.619467886129833439e-19 -2.092272423421787655e-19 4.689116804220703665e-19 1.695276363353886143e-19
-1.388291064331239202e-17 -8.477876160835247374e-18 2.175085147117484470e-18 -1.229586576954653606e-18 3.216028838774333600e-18 5.637262046555812181e-17 1.342721099379619323e-19 2.023826977579119267e-18 8.061996802555142229e-19 6.027051327596292152e-19 3.370595267211219903e-19 7.734954691626757625e-19 3.658980243877725196e-19 -1.562575445173491558e-19 3.685408643235749799e-19 -2.267058403792133399e-19 -1.786216218167779394e-19
-3.191273962466761278e-18 6.258553927289868457e-18 -1.516266232889089356e-18 5.261148203949673438e-19 3.909048626382009685e-18 1.342721099379614508e-19 2.484037489930092306e-17 1.751178923583330899e-18 1.252436778249290385e-18 -1.690979552410508559e-19 3.292819032652248040e-19 1.210952019759701479e-19 3.028803365969912785e-19 1.018730406275097038e-19 5.475392815374219431e-19 4.639318925486452259e-20 1.429389035009628922e-19
4.100287002321276221e-18 -2.507835659684737579e-18 -3.434998732793032030e-18 -6.652977805969030105e-19 2.896587456720528093e-18 2.023826977579118497e-18 1.751178923583331284e-18 1.315376608652108359e-17 7.307888553479976952e-19 2.640920827978804015e-19 3.513132312708574005e-19 1.438641635466382353e-19 2.224393036355086065e-19 1.393439623031343936e-20 -1.141319797058908480e-19 6.677474398517157588e-20 -7.807785757880243431e-20
3.301525846398140736e-18 1.914490179154572282e-19 4.752674949043321461e-19 1.307697028687011466e-18 2.291262848925855719e-18 8.061996802555134526e-19 1.252436778249290193e-18 7.307888553479976952e-19 6.976963646723078613e-18 1.497082764346358425e-19 1.379787979264441262e-19 2.438527975139963168e-19 1.418120790626411146e-20 2.016929146465924545e-19 7.709818546300344694e-20 6.652825786758919594e-20 1.864367204962556411e-19
-2.626357916418207078e-18 2.276857205685382995e-20 2.857202012023492711e-18 -7.395735228212968918e-19 1.323412400885179991e-18 6.027051327596288300e-19 -1.690979552410509040e-19 2.640920827978804496e-19 1.497082764346358907e-19 3.658611861947795685e-18 2.030349999454112052e-19 1.195672932874734448e-19 6.938414053056712424e-20 1.209476028166884724e-19 -1.942635546698081185e-20 9.482177033095319315e-20 1.779841446022138315e-19
1.343864734661868790e-18 7.805975856075736809e-19 2.087556112412628029e-18 -5.748984674588042239e-19 8.113365174367408664e-19 3.370595267211214607e-19 3.292819032652245633e-19 3.513132312708573524e-19 1.379787979264440299e-19 2.030349999454111571e-19 1.704040330423683983e-18 2.619843144282803351e-19 1.568863726521812504e-19 6.674984923688122580e-20 4.622418623699615844e-20 1.576648753352868533e-20 1.267008231023721200e-20
2.493719101060029593e-18 1.288551790750223300e-18 1.091959913970528545e-18 -6.082429184689852689e-20 1.076465679023224949e-18 7.734954691626753773e-19 1.210952019759700275e-19 1.438641635466382112e-19 2.438527975139963168e-19 1.195672932874734207e-19 2.619843144282803351e-19 1.110770370167734989e-18 8.747958389546905536e-20 9.675157721461306968e-20 6.324159583812114008e-20 -1.072016825361660230e-20 1.276974196207298421e-20
2.123928484553316417e-18 -8.810761649235514731e-19 1.488521348557497992e-18 7.052237659463621996e-19 1.554063594227269354e-19 3.658980243877724233e-19 3.028803365969912304e-19 2.224393036355086065e-19 1.418120790626410544e-20 6.938414053056713628e-20 1.568863726521812504e-19 8.747958389546904333e-20 9.418461025892298245e-19 1.255813373348303389e-20 3.522888508081232890e-20 1.490050226986546372e-20 -2.365258779966607640e-20
1.218680706794667804e-18 1.496993794932950723e-18 -8.845877562394320691e-20 -3.345524143381640556e-19 4.619467886129834402e-19 -1.562575445173491317e-19 1.018730406275097158e-19 1.393439623031342732e-20 2.016929146465924785e-19 1.209476028166884965e-19 6.674984923688121376e-20 9.675157721461306968e-20 1.255813373348303238e-20 5.925798281704769654e-19 6.353195185295577419e-20 4.059024918543229984e-21 3.783801811401695838e-20
1.223395869296241053e-18 4.754069293905642749e-19 -2.186800703529118657e-20 2.001451838425411348e-20 -2.092272423421785970e-19 3.685408643235751244e-19 5.475392815374220394e-19 -1.141319797058908480e-19 7.709818546300345898e-20 -1.942635546698080282e-20 4.622418623699615844e-20 6.324159583812115212e-20 3.522888508081232890e-20 6.353195185295577419e-20 4.288983743632401438e-19 3.319426947956726039e-20 4.261815725895334599e-20
2.887137426281230382e-19 6.618077575593182555e-19 9.434959324182830280e-19 8.011234384948355838e-19 4.689116804220704628e-19 -2.267058403792132436e-19 4.639318925486455268e-20 6.677474398517158792e-20 6.652825786758919594e-20 9.482177033095320519e-20 1.576648753352868232e-20 -1.072016825361660080e-20 1.490050226986546372e-20 4.059024918543229984e-21 3.319426947956726039e-20 4.335495968960923665e-19 7.302568357508802982e-20
3.628084608911091676e-18 2.830832989033122094e-18 -1.634647082781760429e-19 6.757114128195552928e-19 1.695276363353886625e-19 -1.786216218167778913e-19 1.429389035009628922e-19 -7.807785757880243431e-20 1.864367204962556411e-19 1.779841446022138315e-19 1.267008231023721200e-20 1.276974196207298421e-20 -2.365258779966607640e-20 3.783801811401695838e-20 4.261815725895334599e-20 7.302568357508802982e-20 1.090959374132780331e-18
