1.744149489182679404e-15 2.442058849740179585e-16 -6.368609289419590847e-17 -3.613637621286315206e-17 -3.118441459105706885e-18 -2.015329140258180958e-17 -3.592888390142452834e-18 3.928334884069068373e-18 2.392946520554199424e-18 -3.498773668006685294e-18 8.129103713643042391e-19 2.160067200684048096e-18 1.930643882505433650e-18 1.111271834384221974e-18 1.177107905273308079e-18 2.764103669239430453e-19 3.611019840342410334e-18
2.442058849740179585e-16 8.611091583243827772e-16 6.249776747694878181e-17 -3.119186576173795501e-17 -1.192256578204283604e-17 -1.428613514214312671e-17 5.876840308107854999e-18 -2.677393899666064850e-18 -6.567205055474926641e-19 -7.892535806948161551e-19 2.862491573281116494e-19 9.779506203577241594e-19 -1.061517096623311426e-18 1.396331187028562708e-18 4.316823391918923886e-19 6.499546880581599011e-19 2.814798490233897562e-18
-6.368609289419590847e-17 6.249776747694878181e-17 3.213393298385905624e-16 7.001852445008298842e-18 -1.428374220565156832e-17 -2.703821649034793973e-18 -1.824551163868447991e-18 -3.581476379190727596e-18 -2.480335717855867522e-19 2.165818126432083639e-18 1.664914386024820538e-18 8.260797740809253848e-19 1.334162080489007406e-18 -1.743802875097121141e-19 -5.910993131004647300e-20 9.334360033511929521e-19 -1.770719622403270962e-19
-3.613637621286315206e-17 -3.119186576173795501e-17 7.001852445008298842e-18 2.061183759593751436e-16 1.418328611566594884e-17 -5.175450070323016634e-18 2.944539389378383935e-19 -7.866291652824014033e-19 7.106116050263863362e-19 -1.309064228375737311e-18 -9.247465241757186545e-19 -2.812508006200451340e-19 5.771960455554279882e-19 -4.057682768526305367e-19 -1.086836455156341644e-20 7.927520219814301719e-19 6.644795825997319086e-19
-3.118441459105706885e-18 -1.192256578204283604e-17 -1.428374220565156832e-17 1.418328611566594884e-17 1.033129107500075361e-16 7.434181268406795119e-20 3.749642228265437080e-18 2.799090743596916456e-18 1.802157882748135464e-18 8.580279128591046683e-19 5.234245515464779669e-19 8.946576738980328073e-19 4.982193079459029578e-20 4.033110524413100412e-19 -2.346280061170214894e-19 4.620198955349705845e-19 1.603338258318191945e-19
-2.015329140258180958e-17 -1.428613514214312671e-17 -2.703821649034793973e-18 -5.175450070323016634e-18 7.434181268406795119e-20 5.490293868316269669e-17 -2.700514020508007131e-19 1.762732882405047911e-18 4.943950649993901716e-19 3.440993558976921380e-19 1.726676123374517901e-19 6.697010492577724985e-19 3.050096829257481073e-19 -1.899249358156696175e-19 3.530251466372455140e-19 -2.319671597166743320e-19 -1.831757544184548136e-19
-3.592888390142452834e-18 5.876840308107854999e-18 -1.824551163868447991e-18 2.944539389378383935e-19 3.749642228265437080e-18 -2.700514020508007131e-19 2.434866472012614141e-17 1.422767464192155720e-18 1.061311484643316651e-18 -2.944152240587177833e-19 2.445507631223241099e-19 6.739066131298031851e-20 2.707255257188197557e-19 8.422484575680060490e-20 5.385075822027823023e-19 4.238482066558697892e-20 1.412537576563076852e-19
3.928334884069068373e-18 -2.677393899666064850e-18 -3.581476379190727596e-18 -7.866291652824014033e-19 2.799090743596916456e-18 1.762732882405047911e-18 1.422767464192155720e-18 1.291555806780665750e-17 5.817492853203135192e-19 1.650033950045043102e-19 2.829951351008957244e-19 1.000505779983539583e-19 1.961258585483726203e-19 -5.105989795446170852e-22 -1.214304694811195886e-19 6.363645666424245832e-20 -7.950008451435213247e-20
2.392946520554199424e-18 -6.567205055474926641e-19 -2.480335717855867522e-19 7.106116050263863362e-19 1.802157882748135464e-18 4.943950649993901716e-19 1.061311484643316651e-18 5.817492853203135192e-19 6.854035898619167170e-18 5.941412822477579829e-20 7.683745319724010128e-20 2.044220494362188758e-19 -9.362541612157852933e-21 1.887753292975463939e-19 7.087481045411208954e-20 6.414219938447938691e-20 1.849704917660935038e-19
-3.498773668006685294e-18 -7.892535806948161551e-19 2.165818126432083639e-18 -1.309064228375737311e-18 8.580279128591046683e-19 3.440993558976921380e-19 -2.944152240587177833e-19 1.650033950045043102e-19 5.941412822477579829e-20 3.589771612000305041e-18 1.564317291121082150e-19 8.940481352525513635e-20 5.140951705220695269e-20 1.111298704212706630e-19 -2.407850068673016070e-20 9.310025715326325969e-20 1.768334461421472163e-19
8.129103713643042391e-19 2.862491573281116494e-19 1.664914386024820538e-18 -9.247465241757186545e-19 5.234245515464779669e-19 1.726676123374517901e-19 2.445507631223241099e-19 2.829951351008957244e-19 7.683745319724010128e-20 1.564317291121082150e-19 1.671898015022985373e-18 2.410210499570014249e-19 1.443525905186891707e-19 5.993189549180975227e-20 4.299886087077267101e-20 1.456162073297851416e-20 1.189096956920726248e-20
2.160067200684048096e-18 9.779506203577241594e-19 8.260797740809253848e-19 -2.812508006200451340e-19 8.946576738980328073e-19 6.697010492577724985e-19 6.739066131298031851e-20 1.000505779983539583e-19 2.044220494362188758e-19 8.940481352525513635e-20 2.410210499570014249e-19 1.096821189947044766e-18 7.903823689128105167e-20 9.213678015950380189e-20 6.104290828453630061e-20 -1.156661172455259405e-20 1.224077288855971700e-20
1.930643882505433650e-18 -1.061517096623311426e-18 1.334162080489007406e-18 5.771960455554279882e-19 4.982193079459029578e-20 3.050096829257481073e-19 2.707255257188197557e-19 1.961258585483726203e-19 -9.362541612157852933e-21 5.140951705220695269e-20 1.443525905186891707e-19 7.903823689128105167e-20 9.365499491289581447e-19 9.559379410279631799e-21 3.372960205536494735e-20 1.426611390458703117e-20 -2.401666054627696426e-20
1.111271834384221974e-18 1.396331187028562708e-18 -1.743802875097121141e-19 -4.057682768526305367e-19 4.033110524413100412e-19 -1.899249358156696175e-19 8.422484575680060490e-20 -5.105989795446170852e-22 1.887753292975463939e-19 1.111298704212706630e-19 5.993189549180975227e-20 9.213678015950380189e-20 9.559379410279631799e-21 5.907504837887916500e-19 6.251424442038415033e-20 3.563082281054474903e-21 3.758265032110459366e-20
1.177107905273308079e-18 4.316823391918923886e-19 -5.910993131004647300e-20 -1.086836455156341644e-20 -2.346280061170214894e-19 3.530251466372455140e-19 5.385075822027823023e-19 -1.214304694811195886e-19 7.087481045411208954e-20 -2.407850068673016070e-20 4.299886087077267101e-20 6.104290828453630061e-20 3.372960205536494735e-20 6.251424442038415033e-20 4.282009166358401651e-19 3.277078765408635003e-20 4.242625266353979917e-20
2.764103669239430453e-19 6.499546880581599011e-19 9.334360033511929521e-19 7.927520219814301719e-19 4.620198955349705845e-19 -2.319671597166743320e-19 4.238482066558697892e-20 6.363645666424245832e-20 6.414219938447938691e-20 9.310025715326325969e-20 1.456162073297851416e-20 -1.156661172455259405e-20 1.426611390458703117e-20 3.563082281054474903e-21 3.277078765408635003e-20 4.332156712522777217e-19 7.287700180496087469e-20
3.611019840342410334e-18 2.814798490233897562e-18 -1.770719622403270962e-19 6.644795825997319086e-19 1.603338258318191945e-19 -1.831757544184548136e-19 1.412537576563076852e-19 -7.950008451435213247e-20 1.849704917660935038e-19 1.768334461421472163e-19 1.189096956920726248e-20 1.224077288855971700e-20 -2.401666054627696426e-20 3.758265032110459366e-20 4.242625266353979917e-20 7.287700180496087469e-20 1.090862545999325559e-18
