0.000000000000000000e+00 0.000000000000000000e+00 4.315650616271995448e-07 0.000000000000000000e+00 1.644857403310287107e-09
0.000000000000000000e+00 0.000000000000000000e+00 4.069982402446138504e-07 0.000000000000000000e+00 1.667503133771290499e-09
0.000000000000000000e+00 0.000000000000000000e+00 3.496503951648264319e-07 0.000000000000000000e+00 1.772554589055084517e-09
0.000000000000000000e+00 0.000000000000000000e+00 2.922953284066147615e-07 0.000000000000000000e+00 1.947131481533843132e-09
0.000000000000000000e+00 0.000000000000000000e+00 2.419050170761847407e-07 0.000000000000000000e+00 2.182161325929051884e-09
0.000000000000000000e+00 0.000000000000000000e+00 1.939752041727019583e-07 0.000000000000000000e+00 2.542831137125155813e-09
0.000000000000000000e+00 0.000000000000000000e+00 1.531891897954999989e-07 0.000000000000000000e+00 3.051196395712768856e-09
0.000000000000000000e+00 0.000000000000000000e+00 1.167382638805811932e-07 0.000000000000000000e+00 3.546133550116883857e-09
0.000000000000000000e+00 0.000000000000000000e+00 8.704138694473550008e-08 0.000000000000000000e+00 3.496164410782270549e-09
0.000000000000000000e+00 0.000000000000000000e+00 6.292802166430172502e-08 0.000000000000000000e+00 3.150225620189642858e-09
0.000000000000000000e+00 0.000000000000000000e+00 4.430971032452129580e-08 0.000000000000000000e+00 3.429282340025530984e-09
0.000000000000000000e+00 0.000000000000000000e+00 3.085275311819321299e-08 0.000000000000000000e+00 3.455955783404215845e-09
0.000000000000000000e+00 0.000000000000000000e+00 2.127645503354882522e-08 0.000000000000000000e+00 3.943466489158815332e-09
0.000000000000000000e+00 0.000000000000000000e+00 1.441986777107541995e-08 0.000000000000000000e+00 4.048106082991029162e-09
0.000000000000000000e+00 0.000000000000000000e+00 9.820636495549310702e-09 0.000000000000000000e+00 4.240797815653437491e-09
0.000000000000000000e+00 0.000000000000000000e+00 6.657003286058818605e-09 0.000000000000000000e+00 4.898600090696541298e-09
0.000000000000000000e+00 0.000000000000000000e+00 4.345765448968007167e-09 0.000000000000000000e+00 3.411660903317340081e-09
