[cosmological_parameters]
omch2         = 0.08 0.12 0.16
ombh2         = 0.01 0.02233 0.03
log1e10As     = 2.9 3.0448  3.2
n_s           = 0.86 0.96 1.06
cosmomc_theta = 0.9  1.04  1.20
omega_k       = 0.0
mnu           = 0.06
nnu           = 3.046
yhe           = 0.245341
tau           = 0.03 0.0543 0.08
num_massive_neutrinos = 3

[nuisance_parameters]
EE_PolGalDust_Alpha = -5.0 -2.4168015133765848 -1.0
EE_PolGalDust_Amp = 0.0 0.05699852696787985 10.0
EE_PolGalDust_Beta = 1.0 1.5081006277777447 2.0
Ecal_ext150 = 0.8 1.0096200923085388 1.2
Ecal_rel220 = 0.8 0.9956889292218284 1.2
Ecal_rel90 = 0.8 0.9986226815717356 1.2
Kappa = -0.05 4.877458809121052e-06 0.05
T2P2_150 = -1.0 -0.014640193719050228 1.0
T2P2_220 = -1.0 -0.02843082802353394 1.0
T2P2_90 = -1.0 -0.006901264844123428 1.0
TE_PolGalDust_Alpha = -5.0 -2.4336574063512777 -1.0
TE_PolGalDust_Amp = 0.0 0.10359042604110852 10.0
TE_PolGalDust_Beta = 1.0 1.5116017911414021 2.0
TT_CIBClustering_Alpha = 0.0 0.514063166365708 2.0
TT_CIB_150x150 = 0.0 1.8755978848053552 200.0
TT_CIB_150x220 = 0.0 7.5048931910914956 200.0
TT_CIB_220x220 = 0.0 35.42066847355289 200.0
TT_GalCirrus_Alpha = -5.0 -2.530208854730539 -1.0
TT_GalCirrus_Amp = 0.0 1.985474379353584 50.0
TT_GalCirrus_Beta = 1.0 1.480057747327629 2.0
TT_Poisson_150x150 = 0.0 11.872619988472335 200.0
TT_Poisson_150x220 = 0.0 32.07434864862036 200.0
TT_Poisson_220x220 = 0.0 95.02467452315211 200.0
TT_Poisson_90x150 = 0.0 8.61952796282032 200.0
TT_Poisson_90x220 = 0.0 16.63736541350286 200.0
TT_Poisson_90x90 = 0.0 10.697261369590473 200.0
TT_kSZ_Amp = 0.0 2.3025333954649527 50.0
TT_tSZ_Amp = 0.0 0.939226633133669 50.0
Tcal_ext150 = 0.8 1.0002829087744192 1.2
Tcal_rel220 = 0.8 1.0086625222429995 1.2
Tcal_rel90 = 0.8 1.0002057473508388 1.2
beta_1 = -5.0 -0.45016583748734634 5.0
beta_2 = -5.0 -0.6286753829117221 5.0
beta_3 = -5.0 0.48764987966697554 5.0
beta_4 = -5.0 -0.8644823173092157 5.0
beta_5 = -5.0 -0.037168925950716754 5.0
beta_6 = -5.0 -1.1023662943162276 5.0
beta_7 = -5.0 0.12926663836645239 5.0
beta_8 = -5.0 -0.3697908684339112 5.0
beta_9 = -5.0 0.21868843569596694 5.0
beta_pol_150 = 0.0 0.6158363026993121 1.0
beta_pol_220 = 0.0 0.6149421853281525 1.0
beta_pol_90 = 0.0 0.48319396965451367 1.0
