# H0, omega_b, omgea_cdm, logA, n_s, tau_reio, EE_PolGalDust_Alpha, EE_PolGalDust_Amp, EE_PolGalDust_Beta, Ecal_ext150, Ecal_rel220, Ecal_rel90, Kappa, T2P2_150, T2P2_220, T2P2_90, TE_PolGalDust_Alpha, TE_PolGalDust_Amp, TE_PolGalDust_Beta, TT_CIBClustering_Alpha, TT_CIB_150x150, TT_CIB_150x220, TT_CIB_220x220, TT_GalCirrus_Alpha, TT_GalCirrus_Amp, TT_GalCirrus_Beta, TT_Poisson_150x150, TT_Poisson_150x220, TT_Poisson_220x220, TT_Poisson_90x150, TT_Poisson_90x220, TT_Poisson_90x90, TT_kSZ_Amp, TT_tSZ_Amp, Tcal_ext150, Tcal_rel220, Tcal_rel90, beta_1, beta_2, beta_3, beta_4, beta_5, beta_6, beta_7, beta_8, beta_9, beta_pol_150, beta_pol_220, beta_pol_90
3.616320986817068150e-01 2.299991137709489044e-05 -8.523823632645133579e-04 3.517492300230783044e-03 6.172866568896596224e-05 1.431448301784807959e-03 -3.998123523915859501e-04 4.543590576941087183e-05 1.373413686053148893e-04 7.084782750173311897e-04 1.250299202026107402e-05 -1.019289999513944909e-05 5.769960230795694543e-05 -8.653909432629654913e-05 -5.136201090417307960e-05 -3.866466919531255463e-05 4.109788728295453962e-04 9.373855456395424981e-05 3.652033106652028522e-04 6.026516526888597196e-04 1.304547897137115766e-03 2.221902085401025653e-03 2.576476240315296942e-02 2.075497341640047171e-05 8.117443393575911673e-03 -7.898774770585942069e-05 6.476421262204497264e-02 9.006375685541170850e-02 1.558368275757635590e-01 6.026513794588556072e-02 7.428627615426400266e-02 6.151664568948079365e-02 1.002905101630607691e-03 2.373786031396080739e-03 5.224029039645936533e-04 -1.401434924920845994e-05 1.105251936444541693e-06 -4.295762866980201017e-03 1.238474664520861079e-02 2.771757999284966533e-03 -1.612930883719017284e-03 -4.208634238670162786e-03 2.296165057814871131e-03 -5.965244409718466374e-03 -2.907260074587031916e-03 3.595543868956373526e-03 -1.277512731172030652e-02 -8.701746160206301137e-03 -9.495928003849886390e-03
2.299991137709489044e-05 4.073440939269970176e-08 1.921929439469125355e-08 4.658021829755190336e-07 -5.648410392404128100e-07 2.631542828943628180e-08 -2.000503714384056358e-07 -8.884911371624498870e-08 2.147812465951770194e-08 -2.419630885619838702e-07 -1.458153894875938269e-10 7.263931020104727428e-09 -1.320489334446287874e-09 -9.164239021197174823e-08 -5.450748013584407404e-08 -3.953192530653353295e-08 7.733834153585051935e-08 -3.866144338762596397e-08 9.702434068779151912e-08 8.250743099932732149e-07 -8.617215878794250568e-06 7.454946383750715762e-06 2.215717208248061789e-05 -1.992514274875991043e-08 1.589562158475306762e-06 -2.383188403660525740e-08 7.413200622582096660e-05 5.609697103980494025e-05 2.363079505316251230e-05 7.609855620560048665e-05 6.320637606224127473e-05 7.570578630192561012e-05 -7.258521628782897965e-05 -1.155104784830650560e-05 5.339502045990679817e-09 1.082900948835102912e-08 -2.153385557032188269e-09 -5.641561662330300883e-06 1.798832102730471496e-06 2.128853336369279458e-06 -7.480697672817150084e-07 1.263781545118063632e-06 -1.999473588518491302e-06 -6.191966917989310048e-07 2.967653334722880892e-07 8.162334956056071131e-09 1.320101206354105133e-05 9.440401167043236758e-06 1.005846009383850025e-05
-8.523823632645133579e-04 1.921929439469125355e-08 2.403564759273146859e-06 -8.316681550085163783e-06 -1.317321273925138125e-06 -3.824913918797634291e-06 8.577625974673283230e-07 -3.343789164764470255e-07 -5.338830544230533858e-07 -2.360841515547657039e-06 -4.467898529207012671e-08 3.534334047404809361e-08 3.015692503877987079e-08 2.415762116154619512e-08 2.248568849368430259e-08 1.486165509713971556e-08 -5.067909140503326373e-07 -3.786980552173729618e-07 -6.191701610625167555e-07 3.503551085059183907e-07 -1.606888688530701490e-05 1.227917398177522367e-05 -2.619083313216258156e-05 1.591287018712842374e-07 -1.649924398314027324e-05 1.729950850927597284e-07 -6.204040062748451096e-05 -1.643521320963100337e-04 -4.016097046286424719e-04 -4.590220846098266969e-05 -1.080052963587638438e-04 -4.814012408040905020e-05 -1.141616707016037053e-04 -2.587576948491655606e-05 -1.387467716570373824e-06 6.235899899187234077e-08 -9.448345754771230547e-09 3.216525800915648997e-06 -3.216846910205699804e-05 -8.276947604220016597e-06 -6.361651751129267291e-08 4.272588150001284073e-06 -1.613502916514825312e-05 1.868923409900984746e-05 5.816719780169531002e-06 -4.110786893472283004e-06 5.780852271222850148e-05 4.021323955303725381e-05 4.338035076541968849e-05
3.517492300230783044e-03 4.658021829755190336e-07 -8.316681550085163783e-06 2.143927668617610395e-04 -6.253016422773404522e-05 5.855179269215878907e-05 -5.845995672478592237e-06 -1.741170549862191607e-06 1.073302942321895642e-05 2.399961890992721608e-05 3.817920155523251808e-07 -5.886241013242031705e-07 2.769533093143034213e-07 -1.863311562401729756e-06 -1.112122926621474064e-06 -7.627039213256576484e-07 1.585391932131520218e-05 7.068649493393358114e-06 2.958308180656568841e-06 6.397709269763796946e-06 -8.564365142961454478e-07 8.809373447916365790e-05 7.616227098673790646e-04 7.019734258526736193e-06 6.045278890697557036e-05 2.677302634771506617e-06 9.106200820205693786e-04 2.017507246855848244e-03 4.855453731521462354e-03 6.371047370233763477e-04 1.249934164802352175e-03 5.660841256202361199e-04 5.722349075688828090e-04 1.302627272093247884e-04 2.132551062632236338e-05 -1.018432082587768633e-06 2.339572148117743444e-07 8.238506129852318771e-05 3.297819034077527052e-04 3.939716766196033493e-04 -8.321251389245128637e-05 -2.315374935262251251e-04 4.375867964035955854e-05 -2.065101271225900422e-04 -2.257177744996557956e-04 -6.172115933049797409e-05 -5.401422145343637640e-04 -3.844027693051231282e-04 -4.148106911361153465e-04
6.172866568896596224e-05 -5.648410392404128100e-07 -1.317321273925138125e-06 -6.253016422773404522e-05 1.310099498293243155e-04 1.077351234204341758e-05 7.644468952117757337e-06 1.803441652539077461e-06 -8.144167357223714904e-06 -1.996013250416215162e-05 9.752841438133935922e-08 5.907811677331771061e-07 -1.564769164835517786e-07 2.954116934829509987e-06 2.180227376191750570e-06 1.541239982839735695e-06 -9.025814946620260048e-06 8.169997057668370975e-07 -4.572122751477838253e-06 2.160217780715175114e-05 -5.362041440760245258e-04 -2.717526059944183787e-04 -2.933178365846653363e-04 -9.199119122430388300e-07 -2.368513010101195191e-05 -5.521612952222661851e-07 6.749246451355743123e-03 6.425868876966670667e-03 6.205358082947593466e-03 6.911531305917492998e-03 6.598981525385404744e-03 7.057032237193771110e-03 -6.548127403143814279e-03 -8.894415466490278397e-04 3.510361536203489192e-06 7.266455503596617462e-07 -1.637793094636959674e-07 -1.359821837902915661e-03 -1.513779187034601771e-05 -7.403327442515527605e-04 2.626614856470393185e-04 -2.509877934587536035e-04 -4.972921264435027308e-05 2.418037738262931796e-04 4.233806070440722922e-04 3.394774726711726853e-04 8.737694292600557125e-04 6.546184619388410600e-04 6.750954645103891512e-04
1.431448301784807959e-03 2.631542828943628180e-08 -3.824913918797634291e-06 5.855179269215878907e-05 1.077351234204341758e-05 3.509218271714200331e-05 2.025950730456377865e-07 -5.629220027249071252e-07 -3.670750759429646204e-07 5.759857712218541515e-07 -1.686161838492049594e-07 -4.390256048986505224e-08 2.405535598003358087e-08 -1.371406944017388317e-07 -6.326024596519440142e-08 3.858093961668916339e-08 5.693076971959414068e-06 1.241737258025145185e-06 -1.979791406679763038e-06 9.319769497278423861e-06 -9.255387709708024727e-05 -3.144533490675152963e-05 -8.569073990221446311e-06 3.669202501988622154e-06 5.883162919633811751e-05 9.099410726128149750e-07 3.746242742334723527e-04 2.744060864521001325e-04 4.700439415837213237e-05 3.853283333779357659e-04 3.287487572656361203e-04 3.692842926858531439e-04 -2.300949546059226803e-04 -8.992807380400199635e-05 -1.993392424483194745e-09 6.302538186925250337e-08 -1.608768980616252724e-08 -7.181272346088288553e-05 5.508202238008567139e-05 8.916777569862438106e-06 -4.996069688212351645e-06 5.425827871616239962e-06 -4.184913767506333781e-05 -9.255454452758941621e-06 8.049837711740906508e-05 1.139917424136391240e-04 1.332301656458162673e-05 1.796878460840675357e-05 1.107610462302612934e-05
-3.998123523915859501e-04 -2.000503714384056358e-07 8.577625974673283230e-07 -5.845995672478592237e-06 7.644468952117757337e-06 2.025950730456377865e-07 1.535749597787310202e-03 -1.172297788947152306e-04 -5.310255125596202139e-05 -4.612942330831564796e-06 2.072944719722081821e-06 -1.856392415934936320e-07 5.929161988191214949e-08 -5.726172564113267700e-07 -2.939377879306084761e-06 -9.966444016230984922e-08 -6.438565744764210809e-06 4.134103409655709829e-07 6.902616576713591779e-08 -6.422760163737340486e-05 9.323001368148260172e-04 8.466461814744186609e-04 -1.130987096546752111e-03 2.047072487376396470e-05 -3.306891667635140811e-04 8.873378220371843877e-06 -1.755104760875141978e-04 1.653456766002242356e-04 3.065459111968032047e-03 7.001491962789280958e-05 1.763386760094931392e-05 5.085830687818682820e-04 -3.837032795771889234e-04 6.066739637717687687e-05 2.640995684278414871e-07 6.506367329169669639e-07 -1.519148047153877197e-07 -1.007564636233197302e-04 2.880170829466101963e-04 5.634571812652810607e-04 3.664374385194094259e-04 1.726417470539977263e-04 2.059424041119416648e-04 -4.881990227022189898e-04 -7.496472045872435092e-04 -7.391051476157253536e-05 1.489206480155177417e-04 1.969790422793330962e-04 1.093178746419575035e-04
4.543590576941087183e-05 -8.884911371624498870e-08 -3.343789164764470255e-07 -1.741170549862191607e-06 1.803441652539077461e-06 -5.629220027249071252e-07 -1.172297788947152306e-04 1.654729645315519357e-04 -5.327409652119819805e-05 1.797763773637394782e-06 4.777163166648631765e-06 -1.504479459163385117e-06 7.533929150635922802e-09 -1.521108851801074588e-07 -4.366226097512429336e-07 1.505612261727207580e-07 -1.095733706196375512e-06 -2.633676968989753945e-06 3.775669275918126696e-06 2.541921610894010500e-05 -6.141564092362261304e-05 2.026800691546689205e-04 5.264598820808271719e-04 7.075472217466725924e-06 2.049894555046508830e-04 -2.559123584635883502e-06 7.472360807173372189e-05 -2.372192029979421253e-04 -7.501016574820523969e-04 3.324419582567195093e-05 -2.244187134257575082e-04 -2.142154791183139805e-05 9.162790432204196886e-05 2.996305385306672809e-05 2.558983805267720215e-07 3.839838947162100239e-08 -4.415729904978279377e-09 -8.255452577499569416e-05 1.284110080414083740e-04 -3.954301468644252302e-05 -9.323097382016196723e-06 6.029272565657687211e-05 3.054340775435661489e-05 1.715355115351690173e-04 1.948265492489119441e-04 9.224103152141831766e-07 2.575402979670831470e-05 5.383732927827776842e-06 9.969873113799259675e-06
1.373413686053148893e-04 2.147812465951770194e-08 -5.338830544230533858e-07 1.073302942321895642e-05 -8.144167357223714904e-06 -3.670750759429646204e-07 -5.310255125596202139e-05 -5.327409652119819805e-05 1.594478172451856699e-03 3.518244545886497648e-06 1.089220300145838783e-06 5.415225894585309256e-07 -1.684534894029762225e-07 2.520764136094689280e-07 -1.028583113853298059e-06 -2.775396643081269564e-07 -6.751885792442390717e-06 -2.760570202884952658e-05 1.309376983256352736e-05 -3.393987632504984669e-05 6.361628585639171303e-04 -7.012401579150766328e-05 -1.445528780019821047e-03 -1.322686817112265905e-05 1.321107910156032593e-04 7.349238825103499375e-06 -4.117177425378272071e-04 5.841416240589406353e-04 3.693083759971414574e-03 -4.481022855291007159e-04 -8.449749234213997206e-05 -2.659184687829574639e-04 -4.230660543969580662e-04 4.094890181266642548e-04 2.887834710316431211e-06 -5.997897922509465198e-07 1.075128538997624695e-07 -5.861313656330709556e-04 3.164114917763576496e-04 8.495420278139445937e-05 -6.956739948538732238e-05 -2.460677337562594612e-04 1.216968847948331797e-04 -7.778268227799649173e-05 -4.413781076481050852e-04 4.669916969390976348e-05 -1.730501674924730753e-04 -1.591289689900042277e-04 -1.221844366241996670e-04
7.084782750173311897e-04 -2.419630885619838702e-07 -2.360841515547657039e-06 2.399961890992721608e-05 -1.996013250416215162e-05 5.759857712218541515e-07 -4.612942330831564796e-06 1.797763773637394782e-06 3.518244545886497648e-06 2.467351714818821423e-05 -1.397357727622942043e-07 -8.435819637550487304e-07 3.806427116364596431e-08 5.157578200901044936e-07 3.244212198340155505e-07 2.047377019714206263e-07 1.794900994725060591e-06 3.225402435121556966e-06 7.782625064188338308e-07 -8.973743886358746729e-06 3.784716218269741915e-05 -3.256044332397228054e-04 -8.896654566940050829e-04 -4.390472647962304840e-07 -3.910763612000508338e-05 -1.203346665011412774e-07 1.387529089664598151e-04 5.762283287181516837e-04 1.221424731781396364e-03 4.393584754312593066e-05 3.992186952443140088e-04 -1.256131304137207923e-05 3.405463437823650990e-04 1.511581563349520150e-04 -3.937498697973239353e-08 -5.846951099408516207e-07 1.176170839060569529e-07 7.329184537371506811e-05 4.897362494416517703e-05 -4.270452891407677809e-05 2.954637058710238835e-06 -5.365000035412402073e-05 8.858725600932299113e-05 -1.006944112942340580e-04 -6.626561310383638004e-05 -9.410719804333009275e-05 -6.034002260343496876e-04 -4.383415132918414003e-04 -4.531967692953084480e-04
1.250299202026107402e-05 -1.458153894875938269e-10 -4.467898529207012671e-08 3.817920155523251808e-07 9.752841438133935922e-08 -1.686161838492049594e-07 2.072944719722081821e-06 4.777163166648631765e-06 1.089220300145838783e-06 -1.397357727622942043e-07 9.392959036819194951e-06 1.291705942418783003e-07 -7.728853587801596202e-09 1.234743958180741394e-08 -2.833585005964582899e-07 -4.706254820577364544e-09 5.781644256853192381e-08 2.022765450233421699e-06 1.304834117275974528e-06 -9.822373551764108056e-06 -1.323509380753317062e-04 -8.252659172570065088e-04 -2.488483910556494889e-03 4.534661647352785485e-07 -2.757584872951180055e-05 -6.367657830329480525e-07 3.812948187223761482e-04 1.368554918773694186e-03 2.634835620804151009e-03 1.244600730269346354e-04 9.899714391698732907e-04 -6.866226978746571108e-05 -1.004623435795969576e-04 1.117653344510620851e-04 3.681735184161307537e-08 -1.280253375057849604e-06 3.264869863551083253e-07 -1.094339801702928788e-04 -9.067794263623221295e-05 1.005702717144965456e-04 -1.605927534595515962e-05 -1.345829344012813183e-04 -4.679151082557216290e-05 2.464714039071373291e-05 -2.924952014824384373e-05 4.620217645275465226e-05 1.816055122384899808e-05 -1.379581929414479301e-04 3.512511231359383814e-06
-1.019289999513944909e-05 7.263931020104727428e-09 3.534334047404809361e-08 -5.886241013242031705e-07 5.907811677331771061e-07 -4.390256048986505224e-08 -1.856392415934936320e-07 -1.504479459163385117e-06 5.415225894585309256e-07 -8.435819637550487304e-07 1.291705942418783003e-07 1.297590110881102931e-06 -1.761488789355322387e-09 5.810579698389969944e-08 1.547286851025590975e-08 -2.921762360540065868e-08 -2.539497567615016076e-07 -7.916098357767525750e-07 -5.268417145106293605e-07 -1.600631701864017000e-07 5.839640762407661092e-05 1.508880732990807089e-04 4.380045709686971028e-04 -7.145107433800880412e-07 3.152248068946294151e-06 -1.558556268486152405e-07 -2.478592978204126657e-05 -2.040969377414041596e-04 -3.828515106712215886e-04 6.145900359174931644e-05 -1.093393694891955649e-04 1.406042120145476935e-04 -4.843746994729402158e-05 -5.467015780013665592e-05 1.952503114263360292e-08 3.468290918246292708e-07 -1.324127073235053928e-07 3.540729777354061547e-05 4.662758077100230688e-05 -4.625802918087951106e-05 -1.258006220980604383e-05 9.534944763216295614e-06 3.786317350604669830e-06 -1.637207342661169699e-06 2.925807951522622449e-05 -1.060515866964062247e-05 2.248342857876279877e-05 7.722198090276551178e-06 -2.683018799871538971e-06
5.769960230795694543e-05 -1.320489334446287874e-09 3.015692503877987079e-08 2.769533093143034213e-07 -1.564769164835517786e-07 2.405535598003358087e-08 5.929161988191214949e-08 7.533929150635922802e-09 -1.684534894029762225e-07 3.806427116364596431e-08 -7.728853587801596202e-09 -1.761488789355322387e-09 1.999046727952573870e-07 -1.065380907236562264e-09 1.446738957354884674e-09 3.489322797730464725e-09 4.387559514961474006e-07 -8.473820680694120396e-08 -4.425271865010401607e-08 5.650186170391537528e-07 -3.085665088605151193e-07 7.092374409017113327e-06 2.506254506112842549e-05 1.241262534327769000e-07 2.143279083190925800e-07 6.124288455629197577e-08 -2.631441368942470316e-06 -8.655366186901540485e-06 -2.770419347907172037e-05 -2.777712192157306161e-06 -4.751850455614970205e-06 -2.388461176221901316e-06 7.798976572771749855e-06 5.505094849722874730e-07 3.169960720510994445e-08 5.862544799890379319e-09 -1.841074844490517443e-09 -1.240040337087672023e-06 7.822453837416200021e-07 -6.878012142890940005e-06 1.992217919090828934e-07 -5.304970058589123744e-06 -9.216790783777547151e-06 3.624918457543273113e-06 3.345480584374267720e-06 6.737373104659675951e-06 -1.778321002264040221e-06 -1.299635623444987237e-06 -1.473830432993983464e-06
-8.653909432629654913e-05 -9.164239021197174823e-08 2.415762116154619512e-08 -1.863311562401729756e-06 2.954116934829509987e-06 -1.371406944017388317e-07 -5.726172564113267700e-07 -1.521108851801074588e-07 2.520764136094689280e-07 5.157578200901044936e-07 1.234743958180741394e-08 5.810579698389969944e-08 -1.065380907236562264e-09 2.093034082928072275e-06 7.456606029584724478e-07 3.947643392517683535e-07 -2.147054444404241894e-06 -5.961757675507719304e-06 -7.755975175801033544e-07 2.737894352418047948e-06 -3.863693022354405457e-05 -6.426701676869302844e-05 -2.278195292472097054e-04 -4.671264975015488410e-08 1.086932433470679884e-05 4.900597276132753966e-08 3.320978188849403275e-04 3.694322519257791705e-04 3.465814371827565703e-04 3.168869526200653519e-04 3.698608250084270388e-04 2.975352022650962496e-04 -1.223361319401741071e-04 -4.109499435682732233e-05 -3.808603781369357454e-08 -1.669884625802749764e-08 2.706644857394121554e-09 1.218257952654327137e-05 -2.553395853124750244e-05 -1.287066621274254562e-05 1.503643255035755491e-05 -1.089851212791544311e-05 -4.346859737177184681e-06 3.227389729448141329e-07 1.054864745821811532e-05 -1.192165643469466005e-05 -2.582410984247067898e-05 -1.288896866207331557e-05 -1.554669681786673699e-05
-5.136201090417307960e-05 -5.450748013584407404e-08 2.248568849368430259e-08 -1.112122926621474064e-06 2.180227376191750570e-06 -6.326024596519440142e-08 -2.939377879306084761e-06 -4.366226097512429336e-07 -1.028583113853298059e-06 3.244212198340155505e-07 -2.833585005964582899e-07 1.547286851025590975e-08 1.446738957354884674e-09 7.456606029584724478e-07 1.326909038912698073e-05 2.865120849103571620e-07 -6.105459011549526916e-06 -2.241551921978189303e-05 -4.356973853534953694e-06 -7.396730513980704793e-06 -8.567002096191387044e-05 -3.701010711773103151e-04 -1.232055715850309497e-03 -2.357091798811702729e-06 3.394714651815498857e-05 -5.434880501064584082e-07 5.613835273737545180e-04 9.328193067868162077e-04 1.631734160430664982e-03 4.905234466666879905e-04 7.734957124093702315e-04 4.450101153322127707e-04 -2.028472075590800623e-04 -3.980048273124122955e-05 -3.430796376958185930e-08 -1.042305932876215860e-07 1.724087964160689364e-08 6.538085143487345620e-06 1.976911268812206468e-05 -1.117224006152998705e-04 8.906559435737226041e-06 -4.712915405480896448e-05 5.153412347762863953e-05 2.163097395915381373e-05 -2.632459814081467031e-05 3.694057789733160046e-05 -9.489545427524383788e-06 -4.627483950024669418e-05 -8.572983329906033769e-06
-3.866466919531255463e-05 -3.953192530653353295e-08 1.486165509713971556e-08 -7.627039213256576484e-07 1.541239982839735695e-06 3.858093961668916339e-08 -9.966444016230984922e-08 1.505612261727207580e-07 -2.775396643081269564e-07 2.047377019714206263e-07 -4.706254820577364544e-09 -2.921762360540065868e-08 3.489322797730464725e-09 3.947643392517683535e-07 2.865120849103571620e-07 5.900227934896119953e-07 -3.023441312314938359e-07 -1.005447231851925894e-06 3.861818151689595684e-08 5.240391660076960933e-08 -2.147308417509905304e-05 -5.093158400446613532e-05 -1.738948193637025502e-04 -2.555305806634723301e-07 5.826500607570018670e-06 8.774261902424396354e-08 1.892085461458197935e-04 2.227779247134849684e-04 2.616089200316872075e-04 1.855573826510228865e-04 2.199174583368357448e-04 1.813093582617410693e-04 -8.693936692310682288e-05 -2.554615326338456383e-05 -2.199748917740090170e-08 6.523837224430789753e-10 -1.825218368743062878e-09 1.467895286614816501e-05 -6.356118435045466263e-06 -3.964656142645971745e-06 2.483824688669186550e-06 -2.876815132771364501e-06 -2.374735223561598386e-06 5.811054378909396209e-06 1.799997273482395894e-05 1.974480907724592843e-06 -6.470738333142823916e-06 -4.630623954709925887e-06 -7.478426942965500618e-06
4.109788728295453962e-04 7.733834153585051935e-08 -5.067909140503326373e-07 1.585391932131520218e-05 -9.025814946620260048e-06 5.693076971959414068e-06 -6.438565744764210809e-06 -1.095733706196375512e-06 -6.751885792442390717e-06 1.794900994725060591e-06 5.781644256853192381e-08 -2.539497567615016076e-07 4.387559514961474006e-07 -2.147054444404241894e-06 -6.105459011549526916e-06 -3.023441312314938359e-07 1.529858135188431455e-03 -3.714632835163760027e-04 1.483365213601959862e-05 1.040382568389344815e-05 -1.668982753592458082e-04 -4.754326378769883421e-04 5.170971028015788808e-04 1.400995349716085313e-05 -2.238580630689047371e-04 -6.959275289790936550e-06 -4.541982980809429623e-04 -4.210409957076364259e-04 -7.421480951349597888e-04 -3.455964736748200596e-04 -2.034121729947758767e-04 -1.182990551400612048e-04 5.799205478096379745e-04 -2.764243072197396602e-04 -3.348233350251512181e-07 1.829012374374516716e-08 1.739965874316110880e-08 1.434113679896267530e-04 -1.756735658065581511e-04 3.946877874050523584e-04 2.889566597425821353e-05 3.111065442496709511e-04 -1.634951405018903879e-04 9.786815965129655589e-05 -6.333236940548127346e-04 -4.190329188707364529e-04 -6.453424871010221173e-05 -4.043621993694178411e-05 -1.893212706887800037e-05
9.373855456395424981e-05 -3.866144338762596397e-08 -3.786980552173729618e-07 7.068649493393358114e-06 8.169997057668370975e-07 1.241737258025145185e-06 4.134103409655709829e-07 -2.633676968989753945e-06 -2.760570202884952658e-05 3.225402435121556966e-06 2.022765450233421699e-06 -7.916098357767525750e-07 -8.473820680694120396e-08 -5.961757675507719304e-06 -2.241551921978189303e-05 -1.005447231851925894e-06 -3.714632835163760027e-04 1.159745904364798763e-03 -3.466754806191124850e-05 -1.041790667789101264e-04 -1.540256990070181648e-04 -2.967987823961479397e-03 -1.188401404581966581e-02 2.385333670003976619e-06 -7.126679365438214975e-04 5.512620055913504672e-06 1.051656323633437312e-03 5.914194901435659846e-03 1.404776129058264884e-02 -4.698968913898006515e-04 3.189503824308330144e-03 -1.485240763172157715e-03 -3.919492914746156541e-04 9.605512409868396679e-04 1.863576736121173708e-06 -2.453855154287720656e-06 5.817829962537123356e-07 4.535382733857822946e-04 2.202299311583354505e-04 -6.791967847822491348e-04 -4.596066129481894821e-04 1.447932399221848390e-05 -2.239348684027953529e-04 -6.563620045427633976e-05 6.905567882370526351e-05 6.075853807203343863e-04 -2.259440475438985297e-05 -7.176014611684916927e-06 -4.730862659312176427e-05
3.652033106652028522e-04 9.702434068779151912e-08 -6.191701610625167555e-07 2.958308180656568841e-06 -4.572122751477838253e-06 -1.979791406679763038e-06 6.902616576713591779e-08 3.775669275918126696e-06 1.309376983256352736e-05 7.782625064188338308e-07 1.304834117275974528e-06 -5.268417145106293605e-07 -4.425271865010401607e-08 -7.755975175801033544e-07 -4.356973853534953694e-06 3.861818151689595684e-08 1.483365213601959862e-05 -3.466754806191124850e-05 1.587075237816808421e-03 -1.450802935964328101e-05 -2.798728395336622815e-04 -2.562153935966824943e-04 1.510689215838988998e-04 1.606361504551427952e-05 -3.239631223730833750e-04 -2.330240030599770202e-07 -2.248641488817775870e-04 1.018737354420967266e-04 -5.909798192938732443e-04 -4.946936092848254344e-04 5.151210693641722463e-05 -8.017728631161739851e-04 8.050072037019898995e-04 1.330829611853971142e-04 2.820341141032698408e-06 -5.149180648785941619e-07 1.148309460762320855e-07 1.906542066138273463e-04 -4.118358675404280893e-05 -6.947761928762989474e-04 -1.929731029826033041e-04 1.033300525411241766e-04 -2.423257219929927301e-04 -1.700900252599889988e-05 -2.886854313417573474e-04 1.050958110429720763e-04 -5.424312853824764778e-05 1.048492744620146172e-05 -4.800377155978317352e-05
6.026516526888597196e-04 8.250743099932732149e-07 3.503551085059183907e-07 6.397709269763796946e-06 2.160217780715175114e-05 9.319769497278423861e-06 -6.422760163737340486e-05 2.541921610894010500e-05 -3.393987632504984669e-05 -8.973743886358746729e-06 -9.822373551764108056e-06 -1.600631701864017000e-07 5.650186170391537528e-07 2.737894352418047948e-06 -7.396730513980704793e-06 5.240391660076960933e-08 1.040382568389344815e-05 -1.041790667789101264e-04 -1.450802935964328101e-05 8.206230813568304860e-03 -1.646495718517815288e-02 5.308787351121653508e-02 2.677504171955137346e-01 2.691409969820396917e-04 2.642108965128553769e-02 1.207599968850352955e-05 1.112993981696797433e-02 -6.439353310451154111e-02 -3.421424305634023222e-01 1.516230551575375486e-02 -7.101750002541488277e-03 1.888752721634665054e-03 9.290057453623740136e-03 -4.510000995472740817e-03 -2.392667231968423156e-06 1.280806523667598557e-05 8.359270888761571360e-07 -7.017486815771842084e-04 -5.704121173839666551e-04 3.986619412310868880e-03 -1.167778211200367136e-02 2.668882256635516574e-04 -5.113097332752872606e-03 -2.674058570195460608e-04 1.668324282995442727e-03 1.362389052278647214e-03 6.946115156944990742e-04 3.315616433043715974e-04 4.479549579557874227e-04
1.304547897137115766e-03 -8.617215878794250568e-06 -1.606888688530701490e-05 -8.564365142961454478e-07 -5.362041440760245258e-04 -9.255387709708024727e-05 9.323001368148260172e-04 -6.141564092362261304e-05 6.361628585639171303e-04 3.784716218269741915e-05 -1.323509380753317062e-04 5.839640762407661092e-05 -3.085665088605151193e-07 -3.863693022354405457e-05 -8.567002096191387044e-05 -2.147308417509905304e-05 -1.668982753592458082e-04 -1.540256990070181648e-04 -2.798728395336622815e-04 -1.646495718517815288e-02 6.339197072447542158e-01 6.574777577799354455e-01 9.482354647322877028e-01 -2.776699292644241833e-03 -1.484157386379688914e-01 -7.567743230842767684e-05 -6.160935089705282808e-01 -7.059924866228027840e-01 -5.783419719230641354e-01 -3.503747918252176352e-01 -4.895811521811846978e-01 -8.452548933630860128e-02 -1.459835001798606702e-01 8.715313923359570281e-02 7.257020728638582832e-05 8.524951731095712899e-05 -6.991559860311667067e-05 -2.792745667955682035e-02 3.516513435989970446e-03 1.637224589176504083e-02 1.354489544449954119e-01 -2.558333323199213014e-02 4.587380716532350050e-02 5.124844332750771309e-03 -5.338910353066058691e-03 -1.868569011831433188e-02 -1.044254928427472938e-02 -6.855014375708052762e-03 -7.260458366704808028e-03
2.221902085401025653e-03 7.454946383750715762e-06 1.227917398177522367e-05 8.809373447916365790e-05 -2.717526059944183787e-04 -3.144533490675152963e-05 8.466461814744186609e-04 2.026800691546689205e-04 -7.012401579150766328e-05 -3.256044332397228054e-04 -8.252659172570065088e-04 1.508880732990807089e-04 7.092374409017113327e-06 -6.426701676869302844e-05 -3.701010711773103151e-04 -5.093158400446613532e-05 -4.754326378769883421e-04 -2.967987823961479397e-03 -2.562153935966824943e-04 5.308787351121653508e-02 6.574777577799354455e-01 2.968498693749348938e+00 7.914799228017187716e+00 -7.922956086970025028e-03 -2.791669003667059945e-01 -2.781149819020555815e-04 -8.677896547897053781e-01 -3.391376660246727237e+00 -7.967728706880584433e+00 -4.033696288969558785e-01 -2.254527259471930556e+00 -1.640303883274915608e-01 -5.311971837807394348e-02 3.877567125662451791e-02 2.346829061621608244e-04 7.780579744380438940e-04 -1.424755224383917088e-04 -1.000490114152431942e-01 5.844593914989940076e-03 2.945800319210211682e-01 -1.756211884465361528e-01 4.121056585895441216e-02 -6.931370685014005828e-02 -2.825109791758330467e-03 4.350541401870324648e-02 -2.586138616783529784e-02 4.201316610159875828e-03 -2.218342251060067150e-04 2.290328876781752999e-03
2.576476240315296942e-02 2.215717208248061789e-05 -2.619083313216258156e-05 7.616227098673790646e-04 -2.933178365846653363e-04 -8.569073990221446311e-06 -1.130987096546752111e-03 5.264598820808271719e-04 -1.445528780019821047e-03 -8.896654566940050829e-04 -2.488483910556494889e-03 4.380045709686971028e-04 2.506254506112842549e-05 -2.278195292472097054e-04 -1.232055715850309497e-03 -1.738948193637025502e-04 5.170971028015788808e-04 -1.188401404581966581e-02 1.510689215838988998e-04 2.677504171955137346e-01 9.482354647322877028e-01 7.914799228017187716e+00 2.902666082920454826e+01 -2.897111119664433701e-02 -1.074318468304251484e+00 -1.648498005406951990e-03 -2.543115957841250996e+00 -1.066177720172587051e+01 -2.963851646108958704e+01 -9.856838984637487089e-01 -5.879899555135907896e+00 -4.907202288763630738e-01 -1.503642123915437945e-01 -7.681515417888486186e-02 1.004654688398338774e-03 2.298638879982514791e-03 -4.198012777300868408e-04 -2.213686135405412703e-01 7.201984809197112779e-03 7.951403769436996560e-01 -5.008741486880274874e-01 3.792346351577458724e-02 -2.248031425004721751e-01 1.201908136421920778e-02 8.087762427067610171e-02 -8.523835658425124584e-02 1.182047815864796687e-02 -1.649299435219228561e-04 7.805664958163548856e-03
2.075497341640047171e-05 -1.992514274875991043e-08 1.591287018712842374e-07 7.019734258526736193e-06 -9.199119122430388300e-07 3.669202501988622154e-06 2.047072487376396470e-05 7.075472217466725924e-06 -1.322686817112265905e-05 -4.390472647962304840e-07 4.534661647352785485e-07 -7.145107433800880412e-07 1.241262534327769000e-07 -4.671264975015488410e-08 -2.357091798811702729e-06 -2.555305806634723301e-07 1.400995349716085313e-05 2.385333670003976619e-06 1.606361504551427952e-05 2.691409969820396917e-04 -2.776699292644241833e-03 -7.922956086970025028e-03 -2.897111119664433701e-02 2.433952075637089117e-03 -9.990737410792436060e-04 1.295559589696255557e-06 -1.214311427594253444e-04 1.718202192585122166e-03 9.082738921091435685e-03 -1.291053429991192514e-03 -1.224968212702541451e-03 -1.918492338975961607e-03 2.789820863510582955e-04 6.169325749245402075e-04 6.502775613369388706e-07 2.259049889728676521e-07 5.682660392724706571e-08 -1.627477551464588245e-05 -8.929349916864009248e-04 4.422359663156560971e-04 -6.364437394356975593e-04 1.361276245811592457e-04 7.988672827860664617e-04 5.209614457709063140e-04 -7.592667061965855616e-04 3.701045420030003212e-04 -3.038388952495047374e-05 8.502145284449102959e-05 3.716139375145845612e-06
8.117443393575911673e-03 1.589562158475306762e-06 -1.649924398314027324e-05 6.045278890697557036e-05 -2.368513010101195191e-05 5.883162919633811751e-05 -3.306891667635140811e-04 2.049894555046508830e-04 1.321107910156032593e-04 -3.910763612000508338e-05 -2.757584872951180055e-05 3.152248068946294151e-06 2.143279083190925800e-07 1.086932433470679884e-05 3.394714651815498857e-05 5.826500607570018670e-06 -2.238580630689047371e-04 -7.126679365438214975e-04 -3.239631223730833750e-04 2.642108965128553769e-02 -1.484157386379688914e-01 -2.791669003667059945e-01 -1.074318468304251484e+00 -9.990737410792436060e-04 6.723381357074712517e-01 -1.920651780835233222e-04 9.423949331439782084e-02 1.251454199474089091e-01 3.224374667481401668e-01 1.593038709225615829e-02 -3.236735489976447916e-02 -3.750410298725863345e-02 2.095593282592787820e-02 1.593466389356902949e-02 1.707287267849474330e-05 6.171845364979917079e-05 -6.800424716159516227e-07 -1.884531591282698898e-02 -1.375001309219234030e-03 1.546206641450796095e-02 -4.149100157890081575e-02 6.766325890574517027e-03 -2.537817250325132001e-02 -1.246363445147593424e-02 7.278330160890762908e-03 3.065242731074817577e-03 7.022113064524201920e-04 -1.282304607966823756e-03 1.184024723270509747e-04
-7.898774770585942069e-05 -2.383188403660525740e-08 1.729950850927597284e-07 2.677302634771506617e-06 -5.521612952222661851e-07 9.099410726128149750e-07 8.873378220371843877e-06 -2.559123584635883502e-06 7.349238825103499375e-06 -1.203346665011412774e-07 -6.367657830329480525e-07 -1.558556268486152405e-07 6.124288455629197577e-08 4.900597276132753966e-08 -5.434880501064584082e-07 8.774261902424396354e-08 -6.959275289790936550e-06 5.512620055913504672e-06 -2.330240030599770202e-07 1.207599968850352955e-05 -7.567743230842767684e-05 -2.781149819020555815e-04 -1.648498005406951990e-03 1.295559589696255557e-06 -1.920651780835233222e-04 4.042168723610536137e-04 1.059222029749719198e-04 2.215638764802990712e-04 9.143375728372183991e-04 1.314375250932135752e-04 1.093992111792172752e-04 1.131712011514210723e-04 3.616388502015626988e-04 -1.432857874945606851e-04 2.523388252188472882e-07 8.244881922543086185e-08 -6.373599736450991170e-09 -2.914444923181601669e-05 -1.119020672220974363e-04 -1.642339645965802615e-05 -1.701687408768319445e-04 5.674922990537502630e-05 3.224146564429330856e-04 2.251196637472693840e-04 -1.438354275406462858e-04 2.906159301012474125e-04 5.506602559189839989e-06 -1.013653319353832150e-05 1.236836651829739064e-05
6.476421262204497264e-02 7.413200622582096660e-05 -6.204040062748451096e-05 9.106200820205693786e-04 6.749246451355743123e-03 3.746242742334723527e-04 -1.755104760875141978e-04 7.472360807173372189e-05 -4.117177425378272071e-04 1.387529089664598151e-04 3.812948187223761482e-04 -2.478592978204126657e-05 -2.631441368942470316e-06 3.320978188849403275e-04 5.613835273737545180e-04 1.892085461458197935e-04 -4.541982980809429623e-04 1.051656323633437312e-03 -2.248641488817775870e-04 1.112993981696797433e-02 -6.160935089705282808e-01 -8.677896547897053781e-01 -2.543115957841250996e+00 -1.214311427594253444e-04 9.423949331439782084e-02 1.059222029749719198e-04 3.769922472694801296e+00 4.307306311995983350e+00 4.941125235948391925e+00 3.449934449503876177e+00 3.936151663545679025e+00 3.163924549248739115e+00 -2.139082849778357609e+00 -2.951634855887268483e-01 3.224056775949358904e-04 -2.111892528552543672e-04 7.797272172277495928e-05 -1.405862523080521516e-02 1.613044918453793858e-02 -3.843040560815259160e-02 -6.911564783569819348e-02 2.258472970017864206e-02 -3.050443411672269095e-02 -4.287194856791778507e-04 -1.013229173947632379e-02 1.782620941837952111e-02 9.526012070035434764e-02 6.912072143936727475e-02 7.253746603249618119e-02
9.006375685541170850e-02 5.609697103980494025e-05 -1.643521320963100337e-04 2.017507246855848244e-03 6.425868876966670667e-03 2.744060864521001325e-04 1.653456766002242356e-04 -2.372192029979421253e-04 5.841416240589406353e-04 5.762283287181516837e-04 1.368554918773694186e-03 -2.040969377414041596e-04 -8.655366186901540485e-06 3.694322519257791705e-04 9.328193067868162077e-04 2.227779247134849684e-04 -4.210409957076364259e-04 5.914194901435659846e-03 1.018737354420967266e-04 -6.439353310451154111e-02 -7.059924866228027840e-01 -3.391376660246727237e+00 -1.066177720172587051e+01 1.718202192585122166e-03 1.251454199474089091e-01 2.215638764802990712e-04 4.307306311995983350e+00 7.938124320015249147e+00 1.426618292914588793e+01 3.511559501999868438e+00 6.258469093523626903e+00 3.028976281616003519e+00 -2.253639472075287919e+00 -9.759505003971283288e-02 8.029635885774186448e-04 -1.170157506834867489e-03 2.477768086115478448e-04 2.145728882034779461e-02 2.849760014691196663e-02 -3.559648681691887084e-01 1.518449275359356199e-01 -1.043262998270810468e-02 6.625766616134916298e-02 -6.195915370456696325e-03 -1.422064019023398969e-02 5.625185230906342565e-02 7.803875123173309447e-02 6.013445890305950392e-02 5.985924045967977447e-02
1.558368275757635590e-01 2.363079505316251230e-05 -4.016097046286424719e-04 4.855453731521462354e-03 6.205358082947593466e-03 4.700439415837213237e-05 3.065459111968032047e-03 -7.501016574820523969e-04 3.693083759971414574e-03 1.221424731781396364e-03 2.634835620804151009e-03 -3.828515106712215886e-04 -2.770419347907172037e-05 3.465814371827565703e-04 1.631734160430664982e-03 2.616089200316872075e-04 -7.421480951349597888e-04 1.404776129058264884e-02 -5.909798192938732443e-04 -3.421424305634023222e-01 -5.783419719230641354e-01 -7.967728706880584433e+00 -2.963851646108958704e+01 9.082738921091435685e-03 3.224374667481401668e-01 9.143375728372183991e-04 4.941125235948391925e+00 1.426618292914588793e+01 3.670175741043031792e+01 3.289546933868508827e+00 8.878742172006935718e+00 2.863848719008627697e+00 -2.599001819541392422e+00 2.633385565218994140e-01 2.406898699501547594e-03 -2.404932132929390835e-03 4.068797296970977405e-04 -2.567349372375342664e-01 1.227143669080131561e-01 -6.743831404180389288e-01 6.141727069268461126e-01 7.446394543793713461e-02 2.788468749131355340e-01 -5.357412254984522670e-02 -7.673935318785831718e-04 6.619191086680939473e-02 4.674166645914372420e-02 4.222253714250463058e-02 3.884556930962602961e-02
6.026513794588556072e-02 7.609855620560048665e-05 -4.590220846098266969e-05 6.371047370233763477e-04 6.911531305917492998e-03 3.853283333779357659e-04 7.001491962789280958e-05 3.324419582567195093e-05 -4.481022855291007159e-04 4.393584754312593066e-05 1.244600730269346354e-04 6.145900359174931644e-05 -2.777712192157306161e-06 3.168869526200653519e-04 4.905234466666879905e-04 1.855573826510228865e-04 -3.455964736748200596e-04 -4.698968913898006515e-04 -4.946936092848254344e-04 1.516230551575375486e-02 -3.503747918252176352e-01 -4.033696288969558785e-01 -9.856838984637487089e-01 -1.291053429991192514e-03 1.593038709225615829e-02 1.314375250932135752e-04 3.449934449503876177e+00 3.511559501999868438e+00 3.289546933868508827e+00 3.444834766670457071e+00 3.590224796758505033e+00 3.402612540587571122e+00 -2.141759795010117262e+00 -4.068844875595825639e-01 2.511939360749967367e-04 7.656887304850802260e-06 -1.757800679924606210e-05 -4.007628057764042739e-02 2.398297116514413671e-02 2.105242894644223858e-02 2.417300624876656673e-02 1.355252120780792201e-03 -2.156179982040585391e-02 1.260922023553716874e-02 -2.841212589392933668e-02 -1.548801008033595140e-02 9.736287511473412648e-02 7.095305015536464144e-02 7.508362159835800520e-02
7.428627615426400266e-02 6.320637606224127473e-05 -1.080052963587638438e-04 1.249934164802352175e-03 6.598981525385404744e-03 3.287487572656361203e-04 1.763386760094931392e-05 -2.244187134257575082e-04 -8.449749234213997206e-05 3.992186952443140088e-04 9.899714391698732907e-04 -1.093393694891955649e-04 -4.751850455614970205e-06 3.698608250084270388e-04 7.734957124093702315e-04 2.199174583368357448e-04 -2.034121729947758767e-04 3.189503824308330144e-03 5.151210693641722463e-05 -7.101750002541488277e-03 -4.895811521811846978e-01 -2.254527259471930556e+00 -5.879899555135907896e+00 -1.224968212702541451e-03 -3.236735489976447916e-02 1.093992111792172752e-04 3.936151663545679025e+00 6.258469093523626903e+00 8.878742172006935718e+00 3.590224796758505033e+00 5.774942353034909104e+00 3.297734819912026438e+00 -2.195826073297159287e+00 -2.675863932376859600e-01 4.285831452072833849e-04 -8.288884854248268095e-04 1.444399549166292267e-04 5.992853626460579314e-02 2.149936098829255751e-02 -2.493562409629327958e-01 1.751379190322466251e-01 -4.791518359936611932e-02 3.892097644307928456e-02 1.461073804667366825e-02 -3.072794686139397255e-02 2.043936187354288003e-02 8.486013524515895190e-02 6.467437632496958466e-02 6.546079344787741894e-02
