1.002250704042296277e-07 8.692299890450586275e-08 2.474852902801134403e-07 0.000000000000000000e+00 9.950303532097555981e-10
9.618953793908767175e-08 8.007302223525037017e-08 2.337379812966876187e-07 0.000000000000000000e+00 9.988532461290432194e-10
8.573871239201151842e-08 6.499803621723766216e-08 2.012180787186953729e-07 0.000000000000000000e+00 1.045874645199918325e-09
7.552957986263241902e-08 4.966892561482742660e-08 1.687666537466116892e-07 0.000000000000000000e+00 1.134754346674579644e-09
6.717065951054796438e-08 3.578458093358129574e-08 1.407659880363694118e-07 0.000000000000000000e+00 1.269874319127823752e-09
5.963504651235303676e-08 2.169344286034548255e-08 1.140056864592363504e-07 0.000000000000000000e+00 1.509693747112533278e-09
5.313846220532589918e-08 9.627127136665996537e-09 9.133331829435750512e-08 0.000000000000000000e+00 1.920861604236403456e-09
4.533742810028041761e-08 1.731470032084817069e-09 7.101833672196040203e-08 0.000000000000000000e+00 2.417516330175913741e-09
3.512493787604933303e-08 2.369818575066135625e-10 5.250295248161276440e-08 0.000000000000000000e+00 2.459880616063743450e-09
2.611929966832823876e-08 6.738448624967138395e-10 3.675976065743284340e-08 0.000000000000000000e+00 2.149627710042352561e-09
2.014745791110413580e-08 -1.257162721808478154e-10 2.469598903715447957e-08 0.000000000000000000e+00 2.437574377513792409e-09
1.542807652074297708e-08 -6.427848443128380343e-11 1.560306007469875376e-08 0.000000000000000000e+00 2.274549470855103423e-09
1.213309167486641947e-08 -1.283573084782240087e-10 9.225124549834610912e-09 0.000000000000000000e+00 2.501620264767266668e-09
9.414782408411922633e-09 -7.621344390326227297e-11 4.944500804800084720e-09 0.000000000000000000e+00 2.371432462190977429e-09
7.244296952957755254e-09 -3.343335418712521681e-11 2.394370369027463145e-09 0.000000000000000000e+00 1.997110644920008142e-09
5.451647981127189493e-09 -8.898538428253063925e-12 1.094375744152587653e-09 0.000000000000000000e+00 1.368972975895287351e-09
3.883693788939426640e-09 7.324182146900338794e-13 6.948638087463135161e-10 0.000000000000000000e+00 9.511651923014067275e-10
