# Kappa TT_CIBClustering_Alpha TT_CIB_150x150 TT_CIB_150x220 TT_CIB_220x220 TT_GalCirrus_Alpha TT_GalCirrus_Amp TT_GalCirrus_Beta TT_Poisson_150x150 TT_Poisson_150x220 TT_Poisson_220x220 TT_Poisson_90x150 TT_Poisson_90x220 TT_Poisson_90x90 TT_kSZ_Amp TT_tSZ_Amp Tcal_ext150 Tcal_rel220 Tcal_rel90 beta_1 beta_2 beta_3 beta_4 beta_5 beta_6 beta_7 beta_8 beta_9 logA ns ombh2 omch2 tau theta_MC_100
2.041072483328575733e-07 2.996959042775671198e-07 -1.215364812568614832e-05 -8.919611048909520645e-06 -1.792532955977676172e-05 -3.819062979182535130e-07 -1.788086335355075853e-07 2.979842528960651510e-09 2.294026068973962874e-05 1.860765905109920318e-05 1.525033496603684966e-05 1.684024846992661137e-05 1.347434993966479539e-05 9.403528104723591588e-06 -1.090792627091939036e-07 -1.824247501158212924e-06 -3.794143905211634878e-08 -6.943990242389426549e-09 5.271588809114305731e-09 5.225683099898409304e-06 -6.739232251487533366e-09 -2.028322492594248227e-06 -3.673031822221415525e-06 -1.213236395429471959e-05 -4.435619372276701849e-06 -5.809781096343704668e-06 6.233382237498301169e-06 -5.942605220829818225e-06 -1.678924594713672206e-07 -2.639414529338001694e-08 -6.031794805567205722e-09 4.348466842037512157e-08 -7.261939864837096257e-08 1.888834328345762326e-07
2.996959042775672787e-07 6.303059913230215153e-03 -9.078269505223118471e-03 4.550421152082885501e-02 2.255666939964744155e-01 8.315294819890703870e-05 1.901753925855630481e-02 3.672148209374880170e-05 4.124545453080349575e-03 -5.559394002450354644e-02 -2.843549714230868553e-01 1.085450307703985859e-02 -1.847825037626600261e-02 -1.470970654452206884e-03 6.014540012999620121e-03 -3.169500462482218329e-03 -2.885442661666194801e-06 1.469349269472089109e-05 8.267518551061610949e-07 5.659021158396087018e-04 -2.302614917981986135e-03 5.254736065989166691e-03 -1.015274125600463227e-02 2.246056003468395023e-03 -3.064369388926067948e-03 -1.016268504101688203e-03 2.703760412609793051e-03 -3.968855504283769691e-05 7.487456898263627678e-05 5.155928384774526603e-06 3.787766740160426580e-07 1.788194297507700756e-05 2.774933376641134069e-05 -6.625720731449609395e-07
-1.215364812568614832e-05 -9.078269505223118471e-03 6.485046994534879872e-01 7.346375022525816201e-01 1.334014213433510676e+00 -1.643703072949805749e-03 -1.603879533198504237e-01 6.901738791561510980e-05 -7.596903879810459337e-01 -9.262931743211426650e-01 -1.059410969635719013e+00 -4.526324815461382767e-01 -5.971148433254507282e-01 -1.303077483195176356e-01 -4.527670889195273968e-02 7.232443569253431404e-02 6.858195279307836511e-06 1.210158601473886644e-04 -9.247165119739406602e-05 -3.792176151375102611e-02 1.476117307213806532e-02 1.899277624490117167e-02 1.758946491774590615e-01 -4.014821395365989615e-02 5.276850661663954473e-02 -4.385126155785967067e-03 -2.153230239570289722e-02 -2.721900078288698108e-02 -1.161867865755541280e-03 4.736898363706040782e-04 -4.784922308809210292e-05 -1.785872763173583879e-04 -6.120371874309558826e-05 -3.884018132421576132e-05
-8.919611048909513868e-06 4.550421152082885501e-02 7.346375022525816201e-01 3.120819867443213713e+00 8.233484719538708418e+00 -7.246610270603995492e-03 -3.526777833495063352e-01 -1.984962915763543339e-04 -1.246972008008456978e+00 -3.877802670899329840e+00 -8.370729092318383024e+00 -7.237390899630178343e-01 -2.922426642009524400e+00 -4.139149022833902847e-01 1.098190831708342474e-01 6.081843986651796347e-02 8.168466560000768732e-07 9.588804561805303701e-04 -1.841033886865113577e-04 -1.227896019302834735e-01 3.116126478072292830e-02 3.675445788299339100e-01 -1.894421189576474818e-01 8.504229942859915792e-02 -6.138119667880312380e-02 -2.249899099755607243e-02 4.800991113053764553e-02 -5.988982624890849121e-02 -6.687217393162306822e-04 1.070558524941438074e-03 -7.178328251626279858e-05 2.470636595597198309e-04 4.033000123433140246e-04 -5.855020853582287377e-05
-1.792532955977677188e-05 2.255666939964744155e-01 1.334014213433510676e+00 8.233484719538708418e+00 2.874184766394493806e+01 -2.843434844377152812e-02 -1.230027422191147801e+00 -1.079320437614404715e-03 -3.795999111034907170e+00 -1.196243071855471030e+01 -2.953269213574362695e+01 -2.031001278683551181e+00 -7.964318323975397185e+00 -1.359697948474443141e+00 2.562507322832470180e-01 5.876985330206429409e-02 3.464098097059637870e-04 2.769398622862446254e-03 -4.979366212590563903e-04 -3.441590568476658452e-01 7.071359733692317295e-02 1.048055590633254930e+00 -5.227731774442304635e-01 1.744694167449489519e-01 -1.545938628579277552e-01 -6.606163132593963205e-02 1.471787513019492677e-01 -1.717023367556272384e-01 6.480368168843308498e-04 1.406479466032619372e-03 -1.569763432280231203e-04 6.909838947545992368e-04 1.455419461060241098e-03 -1.860284880647383114e-04
-3.819062979182535130e-07 8.315294819890702515e-05 -1.643703072949805966e-03 -7.246610270603995492e-03 -2.843434844377152812e-02 2.432925404684561314e-03 -1.465163767381756459e-03 -3.602263090187511445e-06 3.068490682425259203e-03 5.288593939770360776e-03 1.549254990159903977e-02 2.487665205019244218e-03 2.003946378962910904e-03 2.724223486030145826e-03 -1.788937646757268827e-03 -1.419447325620759907e-04 2.479887041563682711e-06 2.057553514957310430e-06 -4.440036268628637579e-07 4.596702665365269211e-04 8.201055196262310503e-05 1.255907106928778232e-03 1.457329404569830211e-04 1.092546872460010499e-03 -2.329774992890739209e-05 1.643532624870814175e-04 -1.068467721237167890e-03 -9.957645802911275438e-04 -1.577668373840739337e-05 1.451313667663950698e-05 -4.340099850750334658e-07 -1.130399952476414709e-07 -4.760222566607927070e-06 6.192355210947097547e-07
-1.788086335355095441e-07 1.901753925855630481e-02 -1.603879533198504237e-01 -3.526777833495063352e-01 -1.230027422191147801e+00 -1.465163767381756675e-03 6.458898362719471820e-01 -5.114717810948921718e-05 1.376602751093253529e-01 2.315008212646878782e-01 5.306358091454153048e-01 5.680110451574845593e-02 2.244664402824857533e-02 -8.079274605571095877e-03 1.289715169967946967e-02 5.291638027154067607e-03 6.818165423527073872e-05 3.863184636912996277e-05 4.477569328803209934e-07 -8.729484763365063897e-04 -1.590140802181310570e-02 -2.739869019223650694e-04 -5.458585602128804976e-02 7.417765865678085414e-03 -1.834389285072286074e-02 5.694805997817738857e-03 -2.136909216445298954e-03 1.604090081717095967e-02 5.136472166390607455e-05 1.545523562280641300e-04 -1.132065767973833002e-05 3.179095668202246627e-05 -5.161166760429263954e-05 -2.649578249006205986e-06
2.979842528960661850e-09 3.672148209374880170e-05 6.901738791561506914e-05 -1.984962915763544152e-04 -1.079320437614404715e-03 -3.602263090187511445e-06 -5.114717810948910199e-05 3.854028222663512205e-04 -2.811795737507697331e-05 6.438477532053006646e-04 1.181858765332005927e-03 -1.831730707482852577e-04 5.792162978622160310e-04 -3.592571284320953415e-04 3.001500401819141698e-04 1.663940402253439633e-04 3.778713261247025787e-06 -1.527310663812320007e-07 1.845549863751705621e-07 4.101892610993438998e-04 -2.651920856926791130e-04 -1.515930198169553923e-04 9.276301685373241864e-05 -2.398281635821830453e-04 9.279482805429671393e-05 1.926077470975080927e-04 1.511879716979623014e-04 -4.603215631565371634e-04 -6.253426262540028290e-06 1.435747761769134637e-05 -3.345099850743399467e-07 -1.835352509143149656e-06 -1.252586477095449867e-06 -3.049807395293364611e-07
2.294026068973962874e-05 4.124545453080348707e-03 -7.596903879810459337e-01 -1.246972008008456978e+00 -3.795999111034907170e+00 3.068490682425259203e-03 1.376602751093253529e-01 -2.811795737507703430e-05 4.366043449287252187e+00 5.238689231310234007e+00 6.381199781800867221e+00 3.920866451440346179e+00 4.646133793141749457e+00 3.514244377316327217e+00 -2.407273514799856073e+00 -3.050750558728971273e-01 4.502794251929064266e-04 -3.010426099749635058e-04 1.163174873601661037e-04 5.030592550872090701e-02 -2.306949776984094577e-02 -1.308489919958527037e-01 -1.010099657225948938e-01 -1.142960052580995487e-03 -4.062369051234041711e-02 1.013249961146623669e-02 1.642279304506260793e-02 -5.059735996428498667e-02 -8.130301028295785788e-04 7.512631472726705520e-03 2.173227633674311334e-04 -1.014975064677590749e-03 -7.253046398462462854e-06 1.382206773042991951e-04
1.860765905109920318e-05 -5.559394002450354644e-02 -9.262931743211426650e-01 -3.877802670899329840e+00 -1.196243071855471030e+01 5.288593939770361643e-03 2.315008212646878782e-01 6.438477532053006646e-04 5.238689231310234007e+00 9.254738029676479627e+00 1.570592316481572048e+01 4.289866797824634759e+00 7.651139119408457034e+00 3.660541631064802015e+00 -2.564256102025774364e+00 -1.787857680796884619e-01 1.099530027934206636e-03 -1.420349179843968497e-03 3.116115851879447548e-04 1.271632541872016742e-01 -3.572763872204295227e-02 -5.183624450148222040e-01 1.780943256406489206e-01 -9.580828124549091440e-02 3.691776056535019113e-02 9.361316509825634569e-03 -4.328893937519949150e-03 6.512938494902178500e-03 9.926145641601351462e-05 6.795943271501251638e-03 2.507069251810835537e-04 -1.459225580745601106e-03 -4.866996420599462221e-04 1.680486635099197107e-04
1.525033496603684627e-05 -2.843549714230868553e-01 -1.059410969635719013e+00 -8.370729092318383024e+00 -2.953269213574362695e+01 1.549254990159903977e-02 5.306358091454153048e-01 1.181858765332005927e-03 6.381199781800867221e+00 1.570592316481572048e+01 3.648863655507543058e+01 4.508191716209319466e+00 1.126478292512706680e+01 3.917464818134523963e+00 -2.906839587429131733e+00 5.349312712043629431e-02 2.916076231970483705e-03 -2.861087978787819897e-03 4.774747283549221947e-04 -1.233711854657742746e-01 5.726568948691771604e-02 -9.761177390893216455e-01 6.705649162201038349e-01 -1.209213448914132072e-01 2.170081256107747325e-01 1.324739002287853191e-02 -7.701796559038512346e-02 8.207868495913210605e-02 5.432812924026616044e-04 7.101888002750160987e-03 2.550108910573227754e-04 -2.336608856067095251e-03 -1.807750072719438439e-03 2.795497945499262086e-04
1.684024846992660798e-05 1.085450307703985859e-02 -4.526324815461382767e-01 -7.237390899630178343e-01 -2.031001278683551181e+00 2.487665205019243785e-03 5.680110451574845593e-02 -1.831730707482852306e-04 3.920866451440346179e+00 4.289866797824634759e+00 4.508191716209319466e+00 3.831878945085457122e+00 4.194157729346904340e+00 3.710055848046920790e+00 -2.397750018237772895e+00 -4.066425836771502822e-01 3.557794068749254310e-04 -4.818240285062600696e-05 4.656817093654421144e-06 8.447758754454571389e-03 -8.068336148235103616e-03 -5.815285477069232628e-02 2.657915774218953114e-02 -2.699433197620136615e-02 -1.183769142130411053e-02 1.636848978504161153e-02 -5.134139645311398305e-03 -9.221482921324664073e-02 -1.394811058193215578e-03 7.829895395721235205e-03 2.094076376812682456e-04 -1.068327119037008974e-03 1.909885199861412509e-05 1.158970602037714574e-04
1.347434993966480047e-05 -1.847825037626600261e-02 -5.971148433254507282e-01 -2.922426642009524400e+00 -7.964318323975397185e+00 2.003946378962910904e-03 2.244664402824859267e-02 5.792162978622160310e-04 4.646133793141749457e+00 7.651139119408457034e+00 1.126478292512706680e+01 4.194157729346904340e+00 7.065573729701283945e+00 3.830857525486341952e+00 -2.518434568597543777e+00 -3.133289447181580312e-01 6.883877058387734369e-04 -1.082013457512010640e-03 1.918406668050545109e-04 1.460883749117889152e-01 -4.398208559204334206e-02 -4.064681855040061520e-01 2.861270621462258523e-01 -1.358492752188795449e-01 5.155444147492750651e-02 1.445022110726937314e-02 -1.950580206178751524e-02 -4.223697185493283796e-02 -7.533263273590810492e-04 6.820299236590780974e-03 2.548818463477399258e-04 -1.450450993633431223e-03 -3.563224493711520053e-04 1.286095265084805735e-04
9.403528104723591588e-06 -1.470970654452206884e-03 -1.303077483195176356e-01 -4.139149022833902847e-01 -1.359697948474443141e+00 2.724223486030146694e-03 -8.079274605571088938e-03 -3.592571284320952873e-04 3.514244377316327217e+00 3.660541631064802015e+00 3.917464818134523963e+00 3.710055848046920790e+00 3.830857525486341952e+00 3.902648613165258684e+00 -2.415292220419273939e+00 -4.808161364884866451e-01 3.989107353630142296e-04 1.350496037986704189e-04 -1.021213362097471970e-04 -5.381433849232827860e-02 1.700448317022259376e-02 -3.175651636424818569e-02 1.711772649849947481e-01 -5.836221002883871384e-02 2.432553516308229996e-02 2.777694143508797550e-02 -3.862714613376937861e-02 -1.288896906311716439e-01 -1.928043470114303333e-03 8.187828249068261968e-03 1.973703708073047181e-04 -1.166612551937095234e-03 -3.241847180569978795e-05 9.763530448123800248e-05
-1.090792627091939036e-07 6.014540012999619253e-03 -4.527670889195273968e-02 1.098190831708342197e-01 2.562507322832470735e-01 -1.788937646757269694e-03 1.289715169967946273e-02 3.001500401819141698e-04 -2.407273514799856073e+00 -2.564256102025773476e+00 -2.906839587429131733e+00 -2.397750018237772895e+00 -2.518434568597544221e+00 -2.415292220419273939e+00 3.041149030910917705e+00 -6.438225380635521911e-02 -1.180807381252291048e-04 2.493771026517417833e-05 7.837217625997285571e-06 -1.860836733832728698e-02 1.965217423881336981e-02 3.236312815035245760e-02 -2.745536430832517041e-03 1.520518419923042909e-02 -1.294062730065303167e-02 -1.504084175461885449e-02 1.696576134395624130e-02 5.146097772845193569e-02 -7.097879871047344143e-03 3.686454007943776312e-03 -4.590513393034073987e-04 -9.837419311751788471e-04 -2.060129195443766159e-04 -3.148936560934834111e-05
-1.824247501158213771e-06 -3.169500462482218329e-03 7.232443569253431404e-02 6.081843986651798428e-02 5.876985330206427327e-02 -1.419447325620759907e-04 5.291638027154067607e-03 1.663940402253439362e-04 -3.050750558728970718e-01 -1.787857680796884341e-01 5.349312712043631513e-02 -4.066425836771502822e-01 -3.133289447181580312e-01 -4.808161364884866451e-01 -6.438225380635520523e-02 2.086778035113985297e-01 7.620114139483068652e-06 -1.163103660944419144e-04 4.820123247170262227e-05 1.999136438153429826e-02 -2.827806070438439352e-03 -3.495915969801326184e-02 -7.600885020658833258e-02 8.036029177629168407e-03 -1.807594915791326667e-02 -1.022325851014934664e-03 1.244561587686564448e-02 2.605480738944892377e-02 -4.807947831633241679e-04 -9.040273696646042485e-05 -4.238292062144430745e-05 -8.256303155125148180e-05 -5.154568813221124904e-05 -9.983733186076202169e-06
-3.794143905211635539e-08 -2.885442661666195224e-06 6.858195279307836511e-06 8.168466560000715792e-07 3.464098097059637870e-04 2.479887041563682711e-06 6.818165423527075227e-05 3.778713261247025787e-06 4.502794251929064266e-04 1.099530027934206636e-03 2.916076231970483705e-03 3.557794068749254310e-04 6.883877058387734369e-04 3.989107353630143380e-04 -1.180807381252291048e-04 7.620114139483068652e-06 1.269031954504788312e-05 -7.677090583758845629e-08 3.769191353243048430e-08 5.234651518867938628e-05 4.658435601404509413e-05 3.218370783079945309e-05 -3.321520786730431513e-05 -9.066477144743758569e-05 -5.537640771545774919e-05 6.489886341681504211e-05 5.397341130749519859e-06 -1.049911589022575206e-04 2.510368671605429775e-05 -7.266696184638756600e-07 7.088126800219360750e-08 -3.954158298229217180e-07 -1.925597053465590441e-07 1.227676164428735732e-08
-6.943990242389425722e-09 1.469349269472089109e-05 1.210158601473886644e-04 9.588804561805303701e-04 2.769398622862446254e-03 2.057553514957310430e-06 3.863184636912996277e-05 -1.527310663812320007e-07 -3.010426099749635058e-04 -1.420349179843968497e-03 -2.861087978787819897e-03 -4.818240285062600696e-05 -1.082013457512010640e-03 1.350496037986703918e-04 2.493771026517417155e-05 -1.163103660944418872e-04 -7.677090583758845629e-08 1.468822496760955019e-06 -3.596762300889243623e-07 8.700744043572734723e-05 3.642769113408572104e-05 -1.256522356013938858e-04 5.433093587554909841e-05 2.184538548771821362e-04 8.445039654246843709e-05 -3.464540314713345176e-05 1.672106628680178743e-04 -1.099259873543440247e-04 -2.262384816256496095e-06 1.992577014468101787e-06 -9.108873510417529259e-09 -6.697185244299004884e-09 8.336788647433308291e-08 -1.444599249410508417e-08
5.271588809114304904e-09 8.267518551061610949e-07 -9.247165119739406602e-05 -1.841033886865113577e-04 -4.979366212590563903e-04 -4.440036268628637579e-07 4.477569328803213110e-07 1.845549863751705621e-07 1.163174873601660630e-04 3.116115851879447548e-04 4.774747283549221947e-04 4.656817093654419450e-06 1.918406668050545109e-04 -1.021213362097471970e-04 7.837217625997285571e-06 4.820123247170262227e-05 3.769191353243048430e-08 -3.596762300889243623e-07 1.552995546647576950e-07 -1.738087491216512605e-05 6.458671114179375877e-06 6.697564773500896886e-05 -7.060372513192049172e-07 -9.410842973036934547e-05 -2.754968073060248186e-05 -3.155594390575572030e-05 -5.377507914079209065e-05 -2.513553108972269419e-06 4.988700056604976952e-07 -1.006352519518624179e-07 -1.109436225266303398e-08 7.401040336466547652e-08 1.411042651455186945e-08 4.915343822580967049e-09
5.225683099898406763e-06 5.659021158396091355e-04 -3.792176151375102611e-02 -1.227896019302834735e-01 -3.441590568476657341e-01 4.596702665365268669e-04 -8.729484763365076908e-04 4.101892610993438998e-04 5.030592550872090701e-02 1.271632541872016742e-01 -1.233711854657742746e-01 8.447758754454567920e-03 1.460883749117889152e-01 -5.381433849232826472e-02 -1.860836733832728351e-02 1.999136438153429826e-02 5.234651518867937273e-05 8.700744043572734723e-05 -1.738087491216512267e-05 9.279158174460340192e-01 -5.154671010160594147e-02 6.821415150305601416e-02 -1.462422634599453569e-02 -3.605509981021875338e-02 -1.654657646502403351e-02 7.945045419958243066e-03 -2.512791926695245523e-02 -3.509389670860002530e-02 8.745093710524364829e-04 -1.900568160935389630e-03 3.974288591476356948e-06 9.860879875450382509e-05 -3.844936569147126967e-05 5.561501231476223042e-06
-6.739232251487533366e-09 -2.302614917981985702e-03 1.476117307213806358e-02 3.116126478072292830e-02 7.071359733692315908e-02 8.201055196262315924e-05 -1.590140802181311264e-02 -2.651920856926790046e-04 -2.306949776984095271e-02 -3.572763872204295227e-02 5.726568948691771604e-02 -8.068336148235098412e-03 -4.398208559204334900e-02 1.700448317022259029e-02 1.965217423881335940e-02 -2.827806070438441087e-03 4.658435601404508735e-05 3.642769113408572782e-05 6.458671114179376724e-06 -5.154671010160594147e-02 7.899884777543236813e-01 4.912006115877646899e-03 -4.313185943994963384e-02 2.057074097444915040e-02 -1.174518373587264512e-02 -1.860096961431906629e-02 -4.651815648256871910e-02 -3.802403838191303030e-03 -3.624716392641581623e-04 1.880398832160359043e-04 -1.199160042692408769e-06 -1.283509771210399801e-04 -1.784845366431890546e-04 6.741086816523877342e-06
-2.028322492594248650e-06 5.254736065989166691e-03 1.899277624490117167e-02 3.675445788299339100e-01 1.048055590633254930e+00 1.255907106928778232e-03 -2.739869019223629010e-04 -1.515930198169555549e-04 -1.308489919958526759e-01 -5.183624450148222040e-01 -9.761177390893216455e-01 -5.815285477069232628e-02 -4.064681855040061520e-01 -3.175651636424818569e-02 3.236312815035245066e-02 -3.495915969801326878e-02 3.218370783079944631e-05 -1.256522356013938587e-04 6.697564773500895531e-05 6.821415150305600028e-02 4.912006115877642562e-03 8.835923597320700651e-01 3.603019392044884417e-02 1.855444753447837991e-02 2.435098666482533869e-02 -9.439318309395755557e-02 3.527451536728969800e-02 -7.869434109790804724e-03 1.045097002498952691e-03 -1.021028077738888890e-03 -1.406815372998026828e-05 1.671632758120923884e-04 1.261345745214240014e-04 -1.256674967047422524e-05
-3.673031822221412984e-06 -1.015274125600463227e-02 1.758946491774590615e-01 -1.894421189576474818e-01 -5.227731774442306856e-01 1.457329404569831296e-04 -5.458585602128804976e-02 9.276301685373247285e-05 -1.010099657225948938e-01 1.780943256406489206e-01 6.705649162201038349e-01 2.657915774218952767e-02 2.861270621462258523e-01 1.711772649849947203e-01 -2.745536430832524848e-03 -7.600885020658834645e-02 -3.321520786730430835e-05 5.433093587554909841e-05 -7.060372513192053407e-07 -1.462422634599454090e-02 -4.313185943994963384e-02 3.603019392044884417e-02 5.543791200815771925e-01 -3.698349093717857167e-02 1.031786065515186007e-01 -1.880547633655176298e-01 4.816151438847367239e-02 -2.143160121642677070e-04 -1.196744569689467928e-03 1.409346104507740258e-03 -3.290343113384876862e-05 -4.712968097012349232e-07 -8.833983830884957955e-05 -2.986707948800015333e-05
-1.213236395429472468e-05 2.246056003468394589e-03 -4.014821395365989615e-02 8.504229942859914404e-02 1.744694167449489519e-01 1.092546872460010282e-03 7.417765865678083680e-03 -2.398281635821830453e-04 -1.142960052580993969e-03 -9.580828124549091440e-02 -1.209213448914132349e-01 -2.699433197620136268e-02 -1.358492752188795727e-01 -5.836221002883871384e-02 1.520518419923043082e-02 8.036029177629166673e-03 -9.066477144743759924e-05 2.184538548771821362e-04 -9.410842973036934547e-05 -3.605509981021874644e-02 2.057074097444915040e-02 1.855444753447838685e-02 -3.698349093717857861e-02 8.391336083666954826e-01 6.864245546825510635e-02 -5.292914677075807872e-02 -1.118864106778261159e-03 -7.030677719997942277e-02 -1.525787795091418885e-04 -4.431558587864820671e-04 1.769495864769096756e-05 4.035365218038575082e-05 8.833739694676997361e-05 1.510711231482731036e-06
-4.435619372276702696e-06 -3.064369388926067948e-03 5.276850661663954473e-02 -6.138119667880312380e-02 -1.545938628579277552e-01 -2.329774992890736160e-05 -1.834389285072286074e-02 9.279482805429672748e-05 -4.062369051234041017e-02 3.691776056535019113e-02 2.170081256107747603e-01 -1.183769142130410360e-02 5.155444147492749957e-02 2.432553516308231037e-02 -1.294062730065303687e-02 -1.807594915791326667e-02 -5.537640771545776275e-05 8.445039654246843709e-05 -2.754968073060247847e-05 -1.654657646502403004e-02 -1.174518373587264339e-02 2.435098666482533175e-02 1.031786065515186007e-01 6.864245546825510635e-02 8.030716608952049862e-01 6.731198211639975726e-02 -2.657286107783635859e-02 4.206822129665634125e-02 -4.064635557080958195e-05 3.276744656100956388e-04 4.616728408376942278e-06 -9.466478335148891400e-05 1.837529911651471616e-04 3.606863872155140817e-06
-5.809781096343703821e-06 -1.016268504101688203e-03 -4.385126155785966200e-03 -2.249899099755606549e-02 -6.606163132593963205e-02 1.643532624870814175e-04 5.694805997817738857e-03 1.926077470975080656e-04 1.013249961146623322e-02 9.361316509825646712e-03 1.324739002287853365e-02 1.636848978504161153e-02 1.445022110726937488e-02 2.777694143508797897e-02 -1.504084175461885102e-02 -1.022325851014936181e-03 6.489886341681504211e-05 -3.464540314713345176e-05 -3.155594390575572030e-05 7.945045419958241331e-03 -1.860096961431906629e-02 -9.439318309395754170e-02 -1.880547633655176576e-01 -5.292914677075807872e-02 6.731198211639975726e-02 5.035630619561135557e-01 2.506793216302759947e-02 -4.097856574097540061e-02 4.386182557838765495e-04 -2.664744237061113718e-04 1.706074738626304918e-05 -5.342322027045453187e-05 7.943110566395140341e-05 -2.432699904945644299e-07
6.233382237498302863e-06 2.703760412609793051e-03 -2.153230239570289722e-02 4.800991113053765247e-02 1.471787513019492954e-01 -1.068467721237167890e-03 -2.136909216445299388e-03 1.511879716979623286e-04 1.642279304506260099e-02 -4.328893937519943946e-03 -7.701796559038512346e-02 -5.134139645311392233e-03 -1.950580206178750831e-02 -3.862714613376937167e-02 1.696576134395624477e-02 1.244561587686564448e-02 5.397341130749519859e-06 1.672106628680178743e-04 -5.377507914079209065e-05 -2.512791926695245523e-02 -4.651815648256871910e-02 3.527451536728969106e-02 4.816151438847367239e-02 -1.118864106778260726e-03 -2.657286107783635859e-02 2.506793216302759947e-02 9.309911269250172872e-01 -1.007020381812829407e-02 -1.221888920691410014e-03 1.792779307130708223e-03 -2.250232201598459578e-05 -1.104359988460935460e-04 -4.273363205602374285e-05 5.806180274025377752e-05
-5.942605220829819919e-06 -3.968855504283811704e-05 -2.721900078288698108e-02 -5.988982624890849121e-02 -1.717023367556272384e-01 -9.957645802911275438e-04 1.604090081717096314e-02 -4.603215631565372719e-04 -5.059735996428500748e-02 6.512938494902178500e-03 8.207868495913207829e-02 -9.221482921324664073e-02 -4.223697185493284489e-02 -1.288896906311716162e-01 5.146097772845194956e-02 2.605480738944891683e-02 -1.049911589022575206e-04 -1.099259873543440247e-04 -2.513553108972267724e-06 -3.509389670860002530e-02 -3.802403838191300428e-03 -7.869434109790804724e-03 -2.143160121642730467e-04 -7.030677719997940889e-02 4.206822129665634818e-02 -4.097856574097540061e-02 -1.007020381812829928e-02 9.092747545920769614e-01 1.517405318780539771e-04 -6.377749291236050081e-04 9.018127304635229865e-06 1.502797100505772431e-04 -5.914974741453107605e-05 -1.712167496541116296e-05
-1.678924594713672735e-07 7.487456898263627678e-05 -1.161867865755541280e-03 -6.687217393162306822e-04 6.480368168843308498e-04 -1.577668373840739337e-05 5.136472166390607455e-05 -6.253426262540028290e-06 -8.130301028295786872e-04 9.926145641601360949e-05 5.432812924026617129e-04 -1.394811058193215578e-03 -7.533263273590810492e-04 -1.928043470114303333e-03 -7.097879871047346745e-03 -4.807947831633241679e-04 2.510368671605429775e-05 -2.262384816256496095e-06 4.988700056604976952e-07 8.745093710524364829e-04 -3.624716392641581623e-04 1.045097002498952691e-03 -1.196744569689467928e-03 -1.525787795091418343e-04 -4.064635557080947353e-05 4.386182557838764410e-04 -1.221888920691410014e-03 1.517405318780539500e-04 7.348313796694961719e-04 -6.462677309071991963e-04 1.414726929585226015e-05 8.320661912036141246e-05 6.853808487135960121e-05 5.371696113099157535e-08
-2.639414529338003680e-08 5.155928384774527450e-06 4.736898363706039156e-04 1.070558524941438074e-03 1.406479466032618938e-03 1.451313667663950698e-05 1.545523562280639673e-04 1.435747761769134637e-05 7.512631472726705520e-03 6.795943271501251638e-03 7.101888002750160987e-03 7.829895395721235205e-03 6.820299236590780974e-03 8.187828249068261968e-03 3.686454007943776312e-03 -9.040273696646043840e-05 -7.266696184638756600e-07 1.992577014468101787e-06 -1.006352519518624179e-07 -1.900568160935389630e-03 1.880398832160359043e-04 -1.021028077738888890e-03 1.409346104507740258e-03 -4.431558587864819587e-04 3.276744656100956388e-04 -2.664744237061113718e-04 1.792779307130708223e-03 -6.377749291236051166e-04 -6.462677309071991963e-04 8.510974344757576580e-04 -2.040793892173894809e-05 -7.440889107482592877e-05 1.358161197500804559e-06 1.187165965473044750e-06
-6.031794805567204067e-09 3.787766740160424992e-07 -4.784922308809210970e-05 -7.178328251626279858e-05 -1.569763432280230932e-04 -4.340099850750334658e-07 -1.132065767973832833e-05 -3.345099850743399467e-07 2.173227633674311334e-04 2.507069251810835537e-04 2.550108910573227754e-04 2.094076376812682456e-04 2.548818463477399258e-04 1.973703708073047181e-04 -4.590513393034073987e-04 -4.238292062144430745e-05 7.088126800219360750e-08 -9.108873510417529259e-09 -1.109436225266303398e-08 3.974288591476353560e-06 -1.199160042692413216e-06 -1.406815372998026659e-05 -3.290343113384876862e-05 1.769495864769096079e-05 4.616728408376945666e-06 1.706074738626304918e-05 -2.250232201598459578e-05 9.018127304635226477e-06 1.414726929585226015e-05 -2.040793892173894809e-05 8.406198247819155584e-07 -7.543021540843078392e-08 2.369627545356413847e-07 2.814357855769492598e-07
4.348466842037514143e-08 1.788194297507700756e-05 -1.785872763173583879e-04 2.470636595597198309e-04 6.909838947545993452e-04 -1.130399952476411400e-07 3.179095668202247305e-05 -1.835352509143149444e-06 -1.014975064677590749e-03 -1.459225580745601323e-03 -2.336608856067095251e-03 -1.068327119037008974e-03 -1.450450993633431223e-03 -1.166612551937095234e-03 -9.837419311751788471e-04 -8.256303155125146824e-05 -3.954158298229217180e-07 -6.697185244299004884e-09 7.401040336466547652e-08 9.860879875450383864e-05 -1.283509771210400072e-04 1.671632758120923884e-04 -4.712968097012871216e-07 4.035365218038573050e-05 -9.466478335148892755e-05 -5.342322027045453864e-05 -1.104359988460935053e-04 1.502797100505772431e-04 8.320661912036141246e-05 -7.440889107482592877e-05 -7.543021540843078392e-08 3.512564268591772225e-05 -1.707821562828523005e-06 -1.762507838583323973e-06
-7.261939864837096257e-08 2.774933376641134747e-05 -6.120371874309556116e-05 4.033000123433140246e-04 1.455419461060241098e-03 -4.760222566607927070e-06 -5.161166760429263954e-05 -1.252586477095449867e-06 -7.253046398462460312e-06 -4.866996420599462221e-04 -1.807750072719438439e-03 1.909885199861414881e-05 -3.563224493711520053e-04 -3.241847180569978117e-05 -2.060129195443766159e-04 -5.154568813221124904e-05 -1.925597053465590441e-07 8.336788647433310938e-08 1.411042651455186614e-08 -3.844936569147126967e-05 -1.784845366431890546e-04 1.261345745214240556e-04 -8.833983830884957955e-05 8.833739694676997361e-05 1.837529911651472159e-04 7.943110566395140341e-05 -4.273363205602376995e-05 -5.914974741453108282e-05 6.853808487135960121e-05 1.358161197500804559e-06 2.369627545356413847e-07 -1.707821562828523005e-06 3.626888637632069500e-05 2.806233608726096827e-07
1.888834328345762326e-07 -6.625720731449609395e-07 -3.884018132421576132e-05 -5.855020853582287377e-05 -1.860284880647383114e-04 6.192355210947097547e-07 -2.649578249006210221e-06 -3.049807395293364611e-07 1.382206773042991951e-04 1.680486635099197107e-04 2.795497945499262086e-04 1.158970602037714574e-04 1.286095265084805464e-04 9.763530448123800248e-05 -3.148936560934833433e-05 -9.983733186076203863e-06 1.227676164428735732e-08 -1.444599249410508417e-08 4.915343822580967049e-09 5.561501231476223889e-06 6.741086816523882425e-06 -1.256674967047422015e-05 -2.986707948800014994e-05 1.510711231482739507e-06 3.606863872155137429e-06 -2.432699904945677122e-07 5.806180274025377752e-05 -1.712167496541116296e-05 5.371696113099157535e-08 1.187165965473044750e-06 2.814357855769492598e-07 -1.762507838583323973e-06 2.806233608726096827e-07 1.510151284939452347e-06
